# egm tm, desired joint, input joint, received joint
634301.00000,2.99384,2.88716,0.00000
634305.00000,2.99333,2.88620,0.00000
634309.00000,2.99279,2.92379,0.00000
634313.00000,2.99224,2.91559,0.00000
634317.00000,2.99166,2.90899,0.00000
634321.00000,2.99106,2.88032,0.00000
634325.00000,2.99044,2.89109,0.00000
634329.00000,2.98980,2.87883,0.00000
634333.00000,2.98914,2.88061,0.00000
634337.00000,2.98845,2.89096,0.00000
634341.00000,2.98774,2.87218,0.00000
634345.00000,2.98701,2.89086,0.00000
634349.00000,2.98626,2.85933,0.00000
634353.00000,2.98549,2.83987,0.00000
634357.00000,2.98469,2.85807,0.00000
634361.00000,2.98387,2.85093,0.00000
634365.00000,2.98303,2.85157,0.00000
634369.00000,2.98216,2.86326,0.00000
634373.00000,2.98127,2.83125,0.00000
634377.00000,2.98036,2.84259,0.00000
634381.00000,2.97943,2.83188,0.00000
634385.00000,2.97847,2.86847,0.00000
634389.00000,2.97749,2.83980,0.00000
634393.00000,2.97649,2.82968,0.00000
634397.00000,2.97547,2.82381,0.00000
634401.00000,2.97442,2.83607,0.00000
634405.00000,2.97334,2.83530,0.00000
634409.00000,2.97225,2.87180,0.00000
634413.00000,2.97113,2.86399,0.00000
634417.00000,2.96998,2.85672,0.00000
634421.00000,2.96882,2.82836,0.00000
634425.00000,2.96762,2.83556,0.00000
634429.00000,2.96641,2.82332,0.00000
634433.00000,2.96517,2.82505,0.00000
634437.00000,2.96390,2.83606,0.00000
634441.00000,2.96262,2.81678,0.00000
634445.00000,2.96130,2.83314,0.00000
634449.00000,2.95997,2.80215,0.00000
634453.00000,2.95860,2.78159,0.00000
634457.00000,2.95722,2.80144,0.00000
634461.00000,2.95581,2.79222,0.00000
634465.00000,2.95437,2.79163,0.00000
634469.00000,2.95291,2.80290,0.00000
634473.00000,2.95142,2.77129,0.00000
634477.00000,2.94991,2.78253,0.00000
634481.00000,2.94838,2.77046,0.00000
634485.00000,2.94682,2.80466,0.00000
634489.00000,2.94523,2.77625,0.00000
634493.00000,2.94362,2.76650,0.00000
634497.00000,2.94198,2.75904,0.00000
634501.00000,2.94032,2.76799,0.00000
634505.00000,2.93863,2.76730,0.00000
634509.00000,2.93691,2.80285,0.00000
634513.00000,2.93517,2.79553,0.00000
634517.00000,2.93340,2.78726,0.00000
634521.00000,2.93161,2.75936,0.00000
634525.00000,2.92979,2.76274,0.00000
634529.00000,2.92795,2.75059,0.00000
634533.00000,2.92608,2.75240,0.00000
634537.00000,2.92418,2.76398,0.00000
634541.00000,2.92226,2.74413,0.00000
634545.00000,2.92031,2.75813,0.00000
634549.00000,2.91833,2.72749,0.00000
634553.00000,2.91632,2.70581,0.00000
634557.00000,2.91429,2.72759,0.00000
634561.00000,2.91224,2.71615,0.00000
634565.00000,2.91015,2.71436,0.00000
634569.00000,2.90804,2.72513,0.00000
634573.00000,2.90590,2.69378,0.00000
634577.00000,2.90373,2.70508,0.00000
634581.00000,2.90154,2.69151,0.00007
634585.00000,2.89932,2.72307,0.00047
634589.00000,2.89707,2.69496,0.00165
634593.00000,2.89480,2.68576,0.00399
634597.00000,2.89249,2.67640,0.00760
634601.00000,2.89016,2.68184,0.01248
634605.00000,2.88780,2.68106,0.01860
634609.00000,2.88542,2.71590,0.02588
634613.00000,2.88300,2.70933,0.03413
634617.00000,2.88056,2.69973,0.04328
634621.00000,2.87809,2.67250,0.05356
634625.00000,2.87559,2.67157,0.06538
634629.00000,2.87306,2.65975,0.07911
634633.00000,2.87051,2.66183,0.09488
634637.00000,2.86792,2.67383,0.11268
634641.00000,2.86531,2.65328,0.13242
634645.00000,2.86267,2.66501,0.15409
634649.00000,2.86000,2.63458,0.17769
634653.00000,2.85730,2.61153,0.20326
634657.00000,2.85457,2.63563,0.23084
634661.00000,2.85182,2.62192,0.26054
634665.00000,2.84903,2.61880,0.29242
634669.00000,2.84622,2.62910,0.32640
634673.00000,2.84337,2.59781,0.36228
634677.00000,2.84050,2.60940,0.39984
634681.00000,2.83760,2.59432,0.43887
634685.00000,2.83466,2.62291,0.47916
634689.00000,2.83170,2.59503,0.52052
634693.00000,2.82871,2.58665,0.56278
634697.00000,2.82569,2.57522,0.60582
634701.00000,2.82264,2.57689,0.64952
634705.00000,2.81956,2.57558,0.69377
634709.00000,2.81645,2.61032,0.73851
634713.00000,2.81331,2.60547,0.78367
634717.00000,2.81014,2.59421,0.82920
634721.00000,2.80694,2.56818,0.87502
634725.00000,2.80371,2.56139,0.92105
634729.00000,2.80046,2.55063,0.96722
634733.00000,2.79717,2.55353,1.01344
634737.00000,2.79384,2.56548,1.05963
634741.00000,2.79049,2.54387,1.10572
634745.00000,2.78711,2.55381,1.15164
634749.00000,2.78370,2.52385,1.19735
634753.00000,2.78026,2.49836,1.24280
634757.00000,2.77678,2.52551,1.28793
634761.00000,2.77328,2.50978,1.33270
634765.00000,2.76975,2.50446,1.37706
634769.00000,2.76618,2.51465,1.42096
634773.00000,2.76258,2.48317,1.46435
634777.00000,2.75896,2.49556,1.50720
634781.00000,2.75530,2.47933,1.54947
634785.00000,2.75161,2.50433,1.59114
634789.00000,2.74788,2.47613,1.63219
634793.00000,2.74413,2.46923,1.67257
634797.00000,2.74035,2.45617,1.71225
634801.00000,2.73653,2.44849,1.75118
634805.00000,2.73268,2.44625,1.78934
634809.00000,2.72881,2.48111,1.82669
634813.00000,2.72490,2.47689,1.86322
634817.00000,2.72095,2.46350,1.89890
634821.00000,2.71698,2.43829,1.93375
634825.00000,2.71297,2.42650,1.96774
634829.00000,2.70894,2.41660,2.00086
634833.00000,2.70487,2.42065,2.03309
634837.00000,2.70077,2.43168,2.06443
634841.00000,2.69663,2.40893,2.09487
634845.00000,2.69247,2.41731,2.12439
634849.00000,2.68827,2.38723,2.15300
634853.00000,2.68404,2.35887,2.18069
634857.00000,2.67977,2.38925,2.20747
634861.00000,2.67548,2.37023,2.23335
634865.00000,2.67115,2.36425,2.25832
634869.00000,2.66679,2.37339,2.28237
634873.00000,2.66240,2.34194,2.30551
634877.00000,2.65797,2.35472,2.32774
634881.00000,2.65352,2.33713,2.34907
634885.00000,2.64903,2.35914,2.36951
634889.00000,2.64450,2.33033,2.38907
634893.00000,2.63995,2.32474,2.40777
634897.00000,2.63536,2.30857,2.42561
634901.00000,2.63073,2.29840,2.44260
634905.00000,2.62608,2.29522,2.45874
634909.00000,2.62139,2.33037,2.47403
634913.00000,2.61667,2.32722,2.48850
634917.00000,2.61191,2.31095,2.50216
634921.00000,2.60713,2.28763,2.51503
634925.00000,2.60231,2.27013,2.52712
634929.00000,2.59745,2.26060,2.53845
634933.00000,2.59256,2.26669,2.54902
634937.00000,2.58764,2.27628,2.55884
634941.00000,2.58269,2.25230,2.56792
634945.00000,2.57770,2.25863,2.57629
634949.00000,2.57268,2.22919,2.58396
634953.00000,2.56762,2.19820,2.59097
634957.00000,2.56253,2.23097,2.59732
634961.00000,2.55741,2.20868,2.60304
634965.00000,2.55225,2.20284,2.60814
634969.00000,2.54706,2.21063,2.61261
634973.00000,2.54184,2.17959,2.61646
634977.00000,2.53658,2.19281,2.61971
634981.00000,2.53129,2.17401,2.62238
634985.00000,2.52596,2.19292,2.62449
634989.00000,2.52060,2.16338,2.62604
634993.00000,2.51520,2.16010,2.62708
634997.00000,2.50978,2.14026,2.62759
635001.00000,2.50431,2.12766,2.62759
635005.00000,2.49882,2.12289,2.62709
635009.00000,2.49328,2.15638,2.62610
635013.00000,2.48772,2.15441,2.62464
635017.00000,2.48212,2.13510,2.62274
635021.00000,2.47649,2.11426,2.62041
635025.00000,2.47082,2.09217,2.61769
635029.00000,2.46511,2.08222,2.61457
635033.00000,2.45938,2.09123,2.61107
635037.00000,2.45360,2.09637,2.60720
635041.00000,2.44780,2.07462,2.60296
635045.00000,2.44196,2.07643,2.59837
635049.00000,2.43608,2.04824,2.59344
635053.00000,2.43017,2.01529,2.58819
635057.00000,2.42423,2.05076,2.58265
635061.00000,2.41825,2.02332,2.57683
635065.00000,2.41223,2.01965,2.57072
635069.00000,2.40618,2.02519,2.56434
635073.00000,2.40010,1.99419,2.55769
635077.00000,2.39398,2.00826,2.55079
635081.00000,2.38783,1.98933,2.54365
635085.00000,2.38164,2.00520,2.53628
635089.00000,2.37541,1.97550,2.52870
635093.00000,2.36916,1.97544,2.52093
635097.00000,2.36286,1.95042,2.51297
635101.00000,2.35653,1.93558,2.50483
635105.00000,2.35017,1.92900,2.49651
635109.00000,2.34377,1.96096,2.48800
635113.00000,2.33734,1.96046,2.47932
635117.00000,2.33087,1.93766,2.47049
635121.00000,2.32437,1.91972,2.46153
635125.00000,2.31783,1.89291,2.45244
635129.00000,2.31126,1.88257,2.44324
635133.00000,2.30465,1.89491,2.43393
635137.00000,2.29800,1.89503,2.42452
635141.00000,2.29132,1.87578,2.41500
635145.00000,2.28461,1.87299,2.40537
635149.00000,2.27786,1.84599,2.39565
635153.00000,2.27107,1.81112,2.38585
635157.00000,2.26425,1.84945,2.37599
635161.00000,2.25740,1.81675,2.36607
635165.00000,2.25051,1.81562,2.35609
635169.00000,2.24358,1.81880,2.34605
635173.00000,2.23662,1.78763,2.33596
635177.00000,2.22963,1.80285,2.32581
635181.00000,2.22259,1.78395,2.31562
635185.00000,2.21553,1.79663,2.30538
635189.00000,2.20842,1.76678,2.29511
635193.00000,2.20129,1.77041,2.28482
635197.00000,2.19411,1.73988,2.27451
635201.00000,2.18691,1.72578,2.26418
635205.00000,2.17966,1.71709,2.25383
635209.00000,2.17238,1.74503,2.24346
635213.00000,2.16507,1.74717,2.23307
635217.00000,2.15772,1.72002,2.22267
635221.00000,2.15033,1.70685,2.21227
635225.00000,2.14291,1.67333,2.20187
635229.00000,2.13546,1.66383,2.19148
635233.00000,2.12797,1.67783,2.18110
635237.00000,2.12044,1.67592,2.17074
635241.00000,2.11288,1.65712,2.16038
635245.00000,2.10528,1.64954,2.15002
635249.00000,2.09765,1.62423,2.13967
635253.00000,2.08998,1.58893,2.12933
635257.00000,2.08228,1.63062,2.11901
635261.00000,2.07454,1.58886,2.10872
635265.00000,2.06677,1.59292,2.09844
635269.00000,2.05896,1.59537,2.08817
635273.00000,2.05112,1.56123,2.07792
635277.00000,2.04324,1.57673,2.06768
635281.00000,2.03532,1.55917,2.05746
635285.00000,2.02737,1.56724,2.04726
635289.00000,2.01939,1.53651,2.03708
635293.00000,2.01137,1.54603,2.02694
635297.00000,2.00331,1.50838,2.01684
635301.00000,1.99522,1.51083,2.00676
635305.00000,1.98710,1.49076,1.99671
635309.00000,1.97894,1.51821,1.98667
635313.00000,1.97074,1.52005,1.97666
635317.00000,1.96251,1.48791,1.96667
635321.00000,1.95424,1.48143,1.95672
635325.00000,1.94594,1.44140,1.94680
635329.00000,1.93761,1.43595,1.93691
635333.00000,1.92923,1.44904,1.92705
635337.00000,1.92083,1.44621,1.91721
635341.00000,1.91239,1.42871,1.90739
635345.00000,1.90391,1.41715,1.89758
635349.00000,1.89540,1.39567,1.88779
635353.00000,1.88686,1.35687,1.87803
635357.00000,1.87828,1.40935,1.86829
635361.00000,1.86966,1.35124,1.85859
635365.00000,1.86101,1.36584,1.84890
635369.00000,1.85233,1.36840,1.83924
635373.00000,1.84361,1.32853,1.82959
635377.00000,1.83485,1.34854,1.81996
635381.00000,1.82606,1.31949,1.81034
635385.00000,1.81724,1.32932,1.80075
635389.00000,1.80838,1.29602,1.79119
635393.00000,1.79949,1.31458,1.78166
635397.00000,1.79057,1.26555,1.77217
635401.00000,1.78160,1.25359,1.76270
635405.00000,1.77261,1.21562,1.75325
635409.00000,1.76358,1.24284,1.74381
635413.00000,1.75452,1.23619,1.73439
635417.00000,1.74542,1.21191,1.72497
635421.00000,1.73629,1.19466,1.71557
635425.00000,1.72712,1.15547,1.70619
635429.00000,1.71792,1.15782,1.69682
635433.00000,1.70869,1.15332,1.68746
635437.00000,1.69942,1.15684,1.67810
635441.00000,1.69011,1.14112,1.66874
635445.00000,1.68078,1.13100,1.65936
635449.00000,1.67141,1.11739,1.64997
635453.00000,1.66200,1.06261,1.64056
635457.00000,1.65257,1.13485,1.63114
635461.00000,1.64310,1.06944,1.62172
635465.00000,1.63359,1.08185,1.61228
635469.00000,1.62405,1.08898,1.60283
635473.00000,1.61448,1.03898,1.59337
635477.00000,1.60488,1.06980,1.58388
635481.00000,1.59524,1.01439,1.57437
635485.00000,1.58557,1.03254,1.56484
635489.00000,1.57586,0.99353,1.55529
635493.00000,1.56612,1.00672,1.54573
635497.00000,1.55635,0.95277,1.53616
635501.00000,1.54655,0.99740,1.52658
635505.00000,1.53671,0.94992,1.51698
635509.00000,1.52684,0.98466,1.50735
635513.00000,1.51694,0.97219,1.49768
635517.00000,1.50701,0.95045,1.48799
635521.00000,1.49704,0.92888,1.47826
635525.00000,1.48704,0.89962,1.46850
635529.00000,1.47701,0.90505,1.45871
635533.00000,1.46694,0.88786,1.44888
635537.00000,1.45684,0.88240,1.43901
635541.00000,1.44671,0.87492,1.42908
635545.00000,1.43655,0.86909,1.41909
635549.00000,1.42636,0.86000,1.40905
635553.00000,1.41613,0.80050,1.39899
635557.00000,1.40588,0.87726,1.38891
635561.00000,1.39559,0.80818,1.37881
635565.00000,1.38527,0.83076,1.36871
635569.00000,1.37491,0.82909,1.35857
635573.00000,1.36453,0.77310,1.34842
635577.00000,1.35411,0.81287,1.33823
635581.00000,1.34367,0.74998,1.32800
635585.00000,1.33319,0.76201,1.31776
635589.00000,1.32268,0.72566,1.30750
635593.00000,1.31214,0.71783,1.29723
635597.00000,1.30157,0.68784,1.28696
635601.00000,1.29097,0.70122,1.27666
635605.00000,1.28033,0.64725,1.26634
635609.00000,1.26967,0.68311,1.25599
635613.00000,1.25898,0.66689,1.24560
635617.00000,1.24825,0.64101,1.23519
635621.00000,1.23750,0.61605,1.22476
635625.00000,1.22671,0.61154,1.21432
635629.00000,1.21590,0.60915,1.20386
635633.00000,1.20505,0.57983,1.19338
635637.00000,1.19418,0.57648,1.18288
635641.00000,1.18327,0.56673,1.17234
635645.00000,1.17234,0.56927,1.16175
635649.00000,1.16138,0.55855,1.15111
635653.00000,1.15038,0.51281,1.14044
635657.00000,1.13936,0.56981,1.12973
635661.00000,1.12831,0.51010,1.11900
635665.00000,1.11723,0.53061,1.10825
635669.00000,1.10612,0.52294,1.09747
635673.00000,1.09498,0.47718,1.08667
635677.00000,1.08381,0.50890,1.07584
635681.00000,1.07262,0.45192,1.06498
635685.00000,1.06139,0.46008,1.05409
635689.00000,1.05014,0.42612,1.04317
635693.00000,1.03886,0.40074,1.03224
635697.00000,1.02755,0.37959,1.02130
635701.00000,1.01621,0.31216,1.01034
635705.00000,1.00485,0.25313,0.99936
635709.00000,0.99346,0.28396,0.98835
635713.00000,0.98204,0.26457,0.97730
635717.00000,0.97059,0.22627,0.96623
635721.00000,0.95912,0.20052,0.95512
635725.00000,0.94762,0.21334,0.94400
635729.00000,0.93609,0.20564,0.93284
635733.00000,0.92453,0.15811,0.92165
635737.00000,0.91295,0.16749,0.91043
635741.00000,0.90134,0.13509,0.89914
635745.00000,0.88971,0.15695,0.88778
635749.00000,0.87805,0.14496,0.87632
635753.00000,0.86636,0.10813,0.86476
635757.00000,0.85465,0.13663,0.85311
635761.00000,0.84291,0.09036,0.84137
635765.00000,0.83114,0.10280,0.82954
635769.00000,0.81935,0.08375,0.81763
635773.00000,0.80754,0.05794,0.80567
635777.00000,0.79570,0.07633,0.79364
635781.00000,0.78383,0.01571,0.78154
635785.00000,0.77194,0.01954,0.76936
635789.00000,0.76003,-0.00302,0.75711
635793.00000,0.74809,-0.04034,0.74479
635797.00000,0.73613,-0.06100,0.73241
635801.00000,0.72414,0.00943,0.71996
635805.00000,0.71213,-0.02865,0.70744
635809.00000,0.70009,-0.00929,0.69483
635813.00000,0.68803,-0.01781,0.68211
635817.00000,0.67595,-0.03880,0.66929
635821.00000,0.66384,-0.05901,0.65633
635825.00000,0.65172,-0.06900,0.64326
635829.00000,0.63956,-0.05428,0.63006
635833.00000,0.62739,-0.09021,0.61674
635837.00000,0.61519,-0.09138,0.60330
635841.00000,0.60297,-0.13184,0.58976
635845.00000,0.59073,-0.10016,0.57613
635849.00000,0.57846,-0.09667,0.56243
635853.00000,0.56618,-0.13516,0.54868
635857.00000,0.55387,-0.12649,0.53489
635861.00000,0.54154,-0.16212,0.52109
635865.00000,0.52919,-0.14501,0.50726
635869.00000,0.51682,-0.15959,0.49342
635873.00000,0.50443,-0.17412,0.47955
635877.00000,0.49201,-0.16076,0.46566
635881.00000,0.47958,-0.23849,0.45176
635885.00000,0.46712,-0.24816,0.43788
635889.00000,0.45465,-0.23374,0.42402
635893.00000,0.44215,-0.25851,0.41018
635897.00000,0.42964,-0.27287,0.39637
635901.00000,0.41710,-0.30604,0.38257
635905.00000,0.40455,-0.29582,0.36878
635909.00000,0.39198,-0.28675,0.35499
635913.00000,0.37939,-0.31991,0.34122
635917.00000,0.36678,-0.34688,0.32749
635921.00000,0.35415,-0.33943,0.31380
635925.00000,0.34150,-0.37278,0.30017
635929.00000,0.32883,-0.34631,0.28659
635933.00000,0.31615,-0.36042,0.27305
635937.00000,0.30345,-0.36682,0.25954
635941.00000,0.29073,-0.42112,0.24607
635945.00000,0.27799,-0.40813,0.23264
635949.00000,0.26524,-0.40412,0.21926
635953.00000,0.25247,-0.41133,0.20593
635957.00000,0.23969,-0.45317,0.19266
635961.00000,0.22688,-0.43594,0.17944
635965.00000,0.21406,-0.44606,0.16625
635969.00000,0.20123,-0.48269,0.15311
635973.00000,0.18838,-0.47706,0.14001
635977.00000,0.17551,-0.49508,0.12698
635981.00000,0.16263,-0.53258,0.11400
635985.00000,0.14973,-0.55360,0.10109
635989.00000,0.13682,-0.56369,0.08824
635993.00000,0.12390,-0.56711,0.07544
635997.00000,0.11095,-0.57908,0.06267
636001.00000,0.09800,-0.60802,0.04992
636005.00000,0.08503,-0.59819,0.03718
636009.00000,0.07205,-0.61951,0.02448
636013.00000,0.05905,-0.60375,0.01181
636017.00000,0.04605,-0.60445,-0.00081
636021.00000,0.03302,-0.58869,-0.01341
636025.00000,0.01999,-0.67622,-0.02599
636029.00000,0.00694,-0.66995,-0.03855
636033.00000,-0.00612,-0.69690,-0.05112
636037.00000,-0.01919,-0.64188,-0.06367
636041.00000,-0.03227,-0.70788,-0.07621
636045.00000,-0.04536,-0.72674,-0.08873
636049.00000,-0.05847,-0.73094,-0.10121
636053.00000,-0.07159,-0.72969,-0.11364
636057.00000,-0.08471,-0.78179,-0.12603
636061.00000,-0.09785,-0.74639,-0.13840
636065.00000,-0.11100,-0.78858,-0.15073
636069.00000,-0.12415,-0.74397,-0.16306
636073.00000,-0.13732,-0.79319,-0.17536
636077.00000,-0.15050,-0.80639,-0.18764
636081.00000,-0.16368,-0.79425,-0.19988
636085.00000,-0.17688,-0.82312,-0.21208
636089.00000,-0.19008,-0.88335,-0.22427
636093.00000,-0.20329,-0.81917,-0.23643
636097.00000,-0.21651,-0.81288,-0.24859
636101.00000,-0.22974,-0.98255,-0.26076
636105.00000,-0.24297,-0.96838,-0.27295
636109.00000,-0.25622,-1.00891,-0.28516
636113.00000,-0.26947,-0.97747,-0.29736
636117.00000,-0.28272,-1.03444,-0.30954
636121.00000,-0.29598,-0.99716,-0.32169
636125.00000,-0.30925,-1.01240,-0.33382
636129.00000,-0.32253,-1.04188,-0.34593
636133.00000,-0.33581,-1.06294,-0.35801
636137.00000,-0.34909,-1.03228,-0.37006
636141.00000,-0.36238,-1.03550,-0.38209
636145.00000,-0.37568,-1.06261,-0.39412
636149.00000,-0.38898,-1.04571,-0.40616
636153.00000,-0.40228,-1.03087,-0.41823
636157.00000,-0.41559,-1.08843,-0.43034
636161.00000,-0.42890,-1.06763,-0.44250
636165.00000,-0.44221,-1.07950,-0.45472
636169.00000,-0.45553,-1.07477,-0.46698
636173.00000,-0.46885,-1.05952,-0.47927
636177.00000,-0.48217,-1.07641,-0.49157
636181.00000,-0.49550,-1.09432,-0.50388
636185.00000,-0.50882,-1.06851,-0.51623
636189.00000,-0.52215,-1.13511,-0.52860
636193.00000,-0.53548,-1.10561,-0.54098
636197.00000,-0.54881,-1.09919,-0.55337
636201.00000,-0.56214,-1.30550,-0.56575
636205.00000,-0.57548,-1.29607,-0.57810
636209.00000,-0.58881,-1.33027,-0.59043
636213.00000,-0.60214,-1.32331,-0.60273
636217.00000,-0.61547,-1.39678,-0.61503
636221.00000,-0.62880,-1.36868,-0.62733
636225.00000,-0.64213,-1.36163,-0.63964
636229.00000,-0.65545,-1.37409,-0.65196
636233.00000,-0.66878,-1.40234,-0.66428
636237.00000,-0.68210,-1.40842,-0.67659
636241.00000,-0.69542,-1.39451,-0.68890
636245.00000,-0.70874,-1.42074,-0.70121
636249.00000,-0.72206,-1.42374,-0.71355
636253.00000,-0.73537,-1.40924,-0.72595
636257.00000,-0.74868,-1.45812,-0.73841
636261.00000,-0.76198,-1.44097,-0.75093
636265.00000,-0.77528,-1.44402,-0.76351
636269.00000,-0.78857,-1.46535,-0.77612
636273.00000,-0.80186,-1.45222,-0.78875
636277.00000,-0.81515,-1.47912,-0.80140
636281.00000,-0.82843,-1.49357,-0.81407
636285.00000,-0.84170,-1.47206,-0.82675
636289.00000,-0.85497,-1.55041,-0.83946
636293.00000,-0.86823,-1.51369,-0.85219
636297.00000,-0.88148,-1.53007,-0.86492
636301.00000,-0.89472,-1.60709,-0.87764
636305.00000,-0.90796,-1.60232,-0.89035
636309.00000,-0.92119,-1.63802,-0.90305
636313.00000,-0.93441,-1.64037,-0.91576
636317.00000,-0.94763,-1.71376,-0.92851
636321.00000,-0.96083,-1.68617,-0.94133
636325.00000,-0.97403,-1.67471,-0.95421
636329.00000,-0.98721,-1.67948,-0.96716
636333.00000,-1.00039,-1.71600,-0.98019
636337.00000,-1.01355,-1.71993,-0.99328
636341.00000,-1.02671,-1.71567,-1.00641
636345.00000,-1.03985,-1.74909,-1.01959
636349.00000,-1.05298,-1.74945,-1.03282
636353.00000,-1.06610,-1.74299,-1.04610
636357.00000,-1.07921,-1.77407,-1.05944
636361.00000,-1.09231,-1.75937,-1.07283
636365.00000,-1.10539,-1.77928,-1.08627
636369.00000,-1.11846,-1.79768,-1.09973
636373.00000,-1.13152,-1.78117,-1.11321
636377.00000,-1.14456,-1.82023,-1.12669
636381.00000,-1.15759,-1.82764,-1.14018
636385.00000,-1.17060,-1.81962,-1.15367
636389.00000,-1.18360,-1.87174,-1.16716
636393.00000,-1.19658,-1.84721,-1.18066
636397.00000,-1.20955,-1.87933,-1.19418
636401.00000,-1.22251,-1.85881,-1.20769
636405.00000,-1.23544,-1.87457,-1.22118
636409.00000,-1.24836,-1.90433,-1.23466
636413.00000,-1.26126,-1.91986,-1.24812
636417.00000,-1.27415,-1.96527,-1.26159
636421.00000,-1.28702,-1.94708,-1.27507
636425.00000,-1.29987,-1.92622,-1.28857
636429.00000,-1.31270,-1.94198,-1.30209
636433.00000,-1.32551,-1.97190,-1.31564
636437.00000,-1.33830,-1.98641,-1.32920
636441.00000,-1.35108,-1.97212,-1.34276
636445.00000,-1.36383,-2.02157,-1.35630
636449.00000,-1.37656,-2.00828,-1.36982
636453.00000,-1.38928,-2.00995,-1.38332
636457.00000,-1.40197,-2.03394,-1.39681
636461.00000,-1.41464,-2.01613,-1.41029
636465.00000,-1.42729,-2.04544,-1.42375
636469.00000,-1.43991,-2.07130,-1.43717
636473.00000,-1.45252,-2.04569,-1.45057
636477.00000,-1.46510,-2.07695,-1.46393
636481.00000,-1.47766,-2.07922,-1.47724
636485.00000,-1.49019,-2.08843,-1.49051
636489.00000,-1.50270,-2.11746,-1.50373
636493.00000,-1.51519,-2.09740,-1.51692
636497.00000,-1.52765,-2.13632,-1.53007
636501.00000,-1.54008,-2.13389,-1.54317
636505.00000,-1.55250,-2.15911,-1.55622
636509.00000,-1.56488,-2.18506,-1.56921
636513.00000,-1.57724,-2.19921,-1.58215
636517.00000,-1.58957,-2.23672,-1.59503
636521.00000,-1.60187,-2.22455,-1.60787
636525.00000,-1.61415,-2.19170,-1.62065
636529.00000,-1.62640,-2.21166,-1.63338
636533.00000,-1.63862,-2.23942,-1.64606
636537.00000,-1.65081,-2.26232,-1.65869
636541.00000,-1.66298,-2.24094,-1.67125
636545.00000,-1.67511,-2.29532,-1.68376
636549.00000,-1.68722,-2.27656,-1.69622
636553.00000,-1.69929,-2.27410,-1.70864
636557.00000,-1.71134,-2.30236,-1.72104
636561.00000,-1.72335,-2.27880,-1.73340
636565.00000,-1.73533,-2.31485,-1.74572
636569.00000,-1.74728,-2.34198,-1.75799
636573.00000,-1.75920,-2.30951,-1.77019
636577.00000,-1.77109,-2.34276,-1.78235
636581.00000,-1.78294,-2.33845,-1.79445
636585.00000,-1.79476,-2.34834,-1.80651
636589.00000,-1.80655,-2.37081,-1.81852
636593.00000,-1.81830,-2.35970,-1.83050
636597.00000,-1.83002,-2.38900,-1.84244
636601.00000,-1.84170,-2.37353,-1.85432
636605.00000,-1.85335,-2.39964,-1.86614
636609.00000,-1.86496,-2.42249,-1.87789
636613.00000,-1.87654,-2.42844,-1.88958
636617.00000,-1.88808,-2.47207,-1.90123
636621.00000,-1.89958,-2.46099,-1.91285
636625.00000,-1.91104,-2.41639,-1.92442
636629.00000,-1.92247,-2.43515,-1.93596
636633.00000,-1.93386,-2.46360,-1.94745
636637.00000,-1.94522,-2.49183,-1.95890
636641.00000,-1.95653,-2.46521,-1.97029
636645.00000,-1.96780,-2.51937,-1.98163
636649.00000,-1.97904,-2.49454,-1.99291
636653.00000,-1.99024,-2.48502,-2.00416
636657.00000,-2.00139,-2.52020,-2.01537
636661.00000,-2.01250,-2.49258,-2.02655
636665.00000,-2.02358,-2.53392,-2.03769
636669.00000,-2.03461,-2.55672,-2.04875
636673.00000,-2.04560,-2.52145,-2.05976
636677.00000,-2.05655,-2.55860,-2.07070
636681.00000,-2.06745,-2.54662,-2.08158
636685.00000,-2.07831,-2.55214,-2.09241
636689.00000,-2.08913,-2.57334,-2.10318
636693.00000,-2.09990,-2.57216,-2.11391
636697.00000,-2.11063,-2.58536,-2.12460
636701.00000,-2.12132,-2.56698,-2.13522
636705.00000,-2.13196,-2.59359,-2.14576
636709.00000,-2.14256,-2.60928,-2.15623
636713.00000,-2.15310,-2.60732,-2.16664
636717.00000,-2.16361,-2.65235,-2.17700
636721.00000,-2.17406,-2.64031,-2.18732
636725.00000,-2.18447,-2.58935,-2.19760
636729.00000,-2.19483,-2.60903,-2.20781
636733.00000,-2.20515,-2.63680,-2.21796
636737.00000,-2.21541,-2.65895,-2.22804
636741.00000,-2.22563,-2.63242,-2.23804
636745.00000,-2.23580,-2.68551,-2.24797
636749.00000,-2.24592,-2.65488,-2.25783
636753.00000,-2.25598,-2.63984,-2.26764
636757.00000,-2.26600,-2.67799,-2.27742
636761.00000,-2.27597,-2.64848,-2.28713
636765.00000,-2.28589,-2.69311,-2.29678
636769.00000,-2.29575,-2.70688,-2.30635
636773.00000,-2.30557,-2.66732,-2.31584
636777.00000,-2.31533,-2.70579,-2.32525
636781.00000,-2.32503,-2.68970,-2.33459
636785.00000,-2.33469,-2.69429,-2.34387
636789.00000,-2.34429,-2.71643,-2.35309
636793.00000,-2.35384,-2.71626,-2.36225
636797.00000,-2.36333,-2.71943,-2.37134
636801.00000,-2.37277,-2.75561,-2.38035
636805.00000,-2.38216,-2.78292,-2.38927
636809.00000,-2.39149,-2.78940,-2.39810
636813.00000,-2.40076,-2.78083,-2.40685
636817.00000,-2.40998,-2.82625,-2.41554
636821.00000,-2.41914,-2.81474,-2.42417
636825.00000,-2.42824,-2.76342,-2.43272
636829.00000,-2.43729,-2.78370,-2.44119
636833.00000,-2.44628,-2.81086,-2.44958
636837.00000,-2.45521,-2.81746,-2.45787
636841.00000,-2.46408,-2.79628,-2.46608
636845.00000,-2.47289,-2.84870,-2.47421
636849.00000,-2.48165,-2.81557,-2.48229
636853.00000,-2.49034,-2.79676,-2.49032
636857.00000,-2.49897,-2.83490,-2.49832
636861.00000,-2.50755,-2.80144,-2.50628
636865.00000,-2.51606,-2.85357,-2.51417
636869.00000,-2.52451,-2.85959,-2.52200
636873.00000,-2.53290,-2.81049,-2.52975
636877.00000,-2.54123,-2.85142,-2.53743
636881.00000,-2.54949,-2.83938,-2.54506
636885.00000,-2.55770,-2.84127,-2.55264
636889.00000,-2.56583,-2.86447,-2.56017
636893.00000,-2.57391,-2.86039,-2.56765
636897.00000,-2.58192,-2.86188,-2.57508
636901.00000,-2.58987,-2.89971,-2.58244
636905.00000,-2.59775,-2.92506,-2.58973
636909.00000,-2.60557,-2.92335,-2.59694
636913.00000,-2.61332,-2.90917,-2.60410
636917.00000,-2.62101,-2.95199,-2.61122
636921.00000,-2.62863,-2.94136,-2.61830
636925.00000,-2.63618,-2.89335,-2.62534
636929.00000,-2.64367,-2.91263,-2.63234
636933.00000,-2.65109,-2.93749,-2.63928
636937.00000,-2.65844,-2.92827,-2.64615
636941.00000,-2.66572,-2.91334,-2.65297
636945.00000,-2.67294,-2.96447,-2.65973
636949.00000,-2.68009,-2.92961,-2.66645
636953.00000,-2.68716,-2.90752,-2.67315
636957.00000,-2.69417,-2.94396,-2.67981
636961.00000,-2.70111,-2.90658,-2.68645
636965.00000,-2.70798,-2.96730,-2.69303
636969.00000,-2.71477,-2.96253,-2.69956
636973.00000,-2.72150,-2.90770,-2.70602
636977.00000,-2.72815,-2.94890,-2.71242
636981.00000,-2.73474,-2.93935,-2.71877
636985.00000,-2.74125,-2.94089,-2.72508
636989.00000,-2.74769,-2.96499,-2.73134
636993.00000,-2.75405,-2.95622,-2.73754
636997.00000,-2.76034,-2.95568,-2.74368
637001.00000,-2.76656,-2.98745,-2.74976
637005.00000,-2.77271,-3.01279,-2.75576
637009.00000,-2.77878,-3.00476,-2.76168
637013.00000,-2.78477,-2.99082,-2.76755
637017.00000,-2.79070,-3.03156,-2.77335
637021.00000,-2.79654,-3.02182,-2.77911
637025.00000,-2.80231,-2.97005,-2.78483
637029.00000,-2.80801,-2.99108,-2.79048
637033.00000,-2.81362,-3.00847,-2.79607
637037.00000,-2.81916,-2.99506,-2.80159
637041.00000,-2.82463,-2.97994,-2.80705
637045.00000,-2.83002,-3.02593,-2.81246
637049.00000,-2.83533,-2.99394,-2.81781
637053.00000,-2.84056,-2.97036,-2.82312
637057.00000,-2.84571,-3.00484,-2.82839
637061.00000,-2.85078,-2.96922,-2.83362
637065.00000,-2.85578,-3.03019,-2.83879
637069.00000,-2.86069,-3.01994,-2.84390
637073.00000,-2.86553,-2.95683,-2.84893
637077.00000,-2.87029,-2.99652,-2.85388
637081.00000,-2.87496,-2.98963,-2.85877
637085.00000,-2.87956,-2.98914,-2.86359
637089.00000,-2.88407,-3.01760,-2.86835
637093.00000,-2.88851,-3.00007,-2.87305
637097.00000,-2.89286,-3.00386,-2.87768
637101.00000,-2.89713,-3.02479,-2.88224
637105.00000,-2.90131,-3.05074,-2.88672
637109.00000,-2.90542,-3.03442,-2.89113
637113.00000,-2.90944,-3.02427,-2.89547
637117.00000,-2.91338,-3.06074,-2.89977
637121.00000,-2.91723,-3.05260,-2.90401
637125.00000,-2.92100,-3.00153,-2.90821
637129.00000,-2.92469,-3.01964,-2.91234
637133.00000,-2.92829,-3.02978,-2.91640
637137.00000,-2.93181,-3.01919,-2.92038
637141.00000,-2.93525,-2.99857,-2.92428
637145.00000,-2.93859,-3.04221,-2.92811
637149.00000,-2.94185,-3.01330,-2.93189
637153.00000,-2.94503,-2.99192,-2.93561
637157.00000,-2.94812,-3.02169,-2.93928
637161.00000,-2.95112,-2.98975,-2.94290
637165.00000,-2.95404,-3.04326,-2.94645
637169.00000,-2.95687,-3.03003,-2.94992
637173.00000,-2.95961,-2.96479,-2.95331
637177.00000,-2.96227,-3.00135,-2.95663
637181.00000,-2.96484,-2.99795,-2.95988
637185.00000,-2.96732,-2.99677,-2.96307
637189.00000,-2.96971,-3.02742,-2.96619
637193.00000,-2.97201,-3.00575,-2.96923
637197.00000,-2.97422,-3.00947,-2.97218
637201.00000,-2.97634,-3.00515,-2.97505
637205.00000,-2.97838,-3.03053,-2.97783
637209.00000,-2.98032,-3.00570,-2.98053
637213.00000,-2.98218,-3.00019,-2.98317
637217.00000,-2.98394,-3.03032,-2.98574
637221.00000,-2.98562,-3.02328,-2.98825
637225.00000,-2.98720,-2.97739,-2.99070
637229.00000,-2.98869,-2.98934,-2.99308
637233.00000,-2.99009,-2.99222,-2.99538
637237.00000,-2.99140,-2.98474,-2.99760
637241.00000,-2.99262,-2.95926,-2.99974
637245.00000,-2.99374,-3.00105,-3.00181
637249.00000,-2.99478,-2.97515,-3.00382
637253.00000,-2.99572,-2.95630,-3.00575
637257.00000,-2.99656,-2.98094,-3.00760
637261.00000,-2.99732,-2.95172,-3.00938
637265.00000,-2.99798,-2.99631,-3.01108
637269.00000,-2.99855,-2.97883,-3.01268
637273.00000,-2.99903,-2.91610,-3.01420
637277.00000,-2.99941,-2.94791,-3.01564
637281.00000,-2.99969,-2.94597,-3.01700
637285.00000,-2.99989,-2.94662,-3.01828
637289.00000,-2.99999,-2.97938,-3.01948
637293.00000,-2.99999,-2.95456,-3.02060
637297.00000,-2.99990,-2.95533,-3.02162
637301.00000,-2.99971,-2.90542,-3.02256
637305.00000,-2.99943,-2.92923,-3.02342
637309.00000,-2.99906,-2.89810,-3.02419
637313.00000,-2.99858,-2.89781,-3.02488
637317.00000,-2.99802,-2.91747,-3.02550
637321.00000,-2.99735,-2.91253,-3.02604
637325.00000,-2.99659,-2.87219,-3.02649
637329.00000,-2.99573,-2.87740,-3.02687
637333.00000,-2.99478,-2.87348,-3.02715
637337.00000,-2.99373,-2.87019,-3.02735
637341.00000,-2.99259,-2.83517,-3.02746
637345.00000,-2.99134,-2.87522,-3.02748
637349.00000,-2.99000,-2.85240,-3.02741
637353.00000,-2.98856,-2.83843,-3.02723
637357.00000,-2.98703,-2.85454,-3.02695
637361.00000,-2.98539,-2.83194,-3.02657
637365.00000,-2.98366,-2.86536,-3.02608
637369.00000,-2.98183,-2.84153,-3.02548
637373.00000,-2.97990,-2.78297,-3.02478
637377.00000,-2.97788,-2.80617,-3.02398
637381.00000,-2.97575,-2.80764,-3.02308
637385.00000,-2.97353,-2.80795,-3.02208
637389.00000,-2.97121,-2.84528,-3.02096
637393.00000,-2.96879,-2.81528,-3.01973
637397.00000,-2.96627,-2.81417,-3.01839
637401.00000,-2.96365,-2.73596,-3.01694
637405.00000,-2.96093,-2.75716,-3.01540
637409.00000,-2.95812,-2.72369,-3.01376
637413.00000,-2.95520,-2.72730,-3.01202
637417.00000,-2.95219,-2.73504,-3.01017
637421.00000,-2.94907,-2.73224,-3.00822
637425.00000,-2.94586,-2.69757,-3.00615
637429.00000,-2.94254,-2.69670,-3.00396
637433.00000,-2.93913,-2.68438,-3.00166
637437.00000,-2.93561,-2.68674,-2.99925
637441.00000,-2.93200,-2.64076,-2.99673
637445.00000,-2.92828,-2.67999,-2.99411
637449.00000,-2.92447,-2.65743,-2.99136
637453.00000,-2.92055,-2.65072,-2.98849
637457.00000,-2.91653,-2.65610,-2.98548
637461.00000,-2.91242,-2.64114,-2.98234
637465.00000,-2.90820,-2.66217,-2.97907
637469.00000,-2.90388,-2.63352,-2.97568
637473.00000,-2.89946,-2.58018,-2.97218
637477.00000,-2.89494,-2.59194,-2.96857
637481.00000,-2.89032,-2.59607,-2.96485
637485.00000,-2.88560,-2.59725,-2.96100
637489.00000,-2.88078,-2.63617,-2.95703
637493.00000,-2.87586,-2.60063,-2.95294
637497.00000,-2.87084,-2.59844,-2.94872
637501.00000,-2.86571,-2.50265,-2.94440
637505.00000,-2.86049,-2.52296,-2.93997
637509.00000,-2.85516,-2.48013,-2.93545
637513.00000,-2.84973,-2.48705,-2.93081
637517.00000,-2.84420,-2.48230,-2.92604
637521.00000,-2.83857,-2.48363,-2.92115
637525.00000,-2.83284,-2.45320,-2.91612
637529.00000,-2.82701,-2.45233,-2.91096
637533.00000,-2.82108,-2.42753,-2.90568
637537.00000,-2.81504,-2.43309,-2.90028
637541.00000,-2.80891,-2.38331,-2.89477
637545.00000,-2.80267,-2.42109,-2.88913
637549.00000,-2.79634,-2.39599,-2.88335
637553.00000,-2.78990,-2.39288,-2.87743
637557.00000,-2.78336,-2.38865,-2.87136
637561.00000,-2.77672,-2.36998,-2.86515
637565.00000,-2.76998,-2.38055,-2.85881
637569.00000,-2.76314,-2.35585,-2.85237
637573.00000,-2.75619,-2.31107,-2.84581
637577.00000,-2.74915,-2.31127,-2.83913
637581.00000,-2.74200,-2.31010,-2.83232
637585.00000,-2.73476,-2.31469,-2.82538
637589.00000,-2.72741,-2.34764,-2.81831
637593.00000,-2.71997,-2.31290,-2.81113
637597.00000,-2.71242,-2.30680,-2.80383
637601.00000,-2.70477,-2.20301,-2.79644
637605.00000,-2.69703,-2.22315,-2.78894
637609.00000,-2.68918,-2.16852,-2.78135
637613.00000,-2.68123,-2.18084,-2.77363
637617.00000,-2.67318,-2.16073,-2.76578
637621.00000,-2.66503,-2.16799,-2.75780
637625.00000,-2.65678,-2.14198,-2.74969
637629.00000,-2.64844,-2.14167,-2.74146
637633.00000,-2.63999,-2.10315,-2.73313
637637.00000,-2.63144,-2.11334,-2.72470
637641.00000,-2.62279,-2.05972,-2.71617
637645.00000,-2.61405,-2.09533,-2.70754
637649.00000,-2.60520,-2.06904,-2.69879
637653.00000,-2.59626,-2.06905,-2.68991
637657.00000,-2.58721,-2.05406,-2.68088
637661.00000,-2.57807,-2.03096,-2.67173
637665.00000,-2.56883,-2.03071,-2.66245
637669.00000,-2.55949,-2.01004,-2.65307
637673.00000,-2.55005,-1.97675,-2.64358
637677.00000,-2.54052,-1.96430,-2.63400
637681.00000,-2.53088,-1.95570,-2.62432
637685.00000,-2.52115,-1.96410,-2.61451
637689.00000,-2.51132,-1.99207,-2.60458
637693.00000,-2.50139,-1.95845,-2.59454
637697.00000,-2.49136,-1.94848,-2.58438
637701.00000,-2.48124,-1.84227,-2.57414
637705.00000,-2.47102,-1.86216,-2.56381
637709.00000,-2.46071,-1.79539,-2.55340
637713.00000,-2.45029,-1.81388,-2.54290
637717.00000,-2.43978,-1.77760,-2.53229
637721.00000,-2.42918,-1.79112,-2.52156
637725.00000,-2.41847,-1.77119,-2.51071
637729.00000,-2.40768,-1.76986,-2.49973
637733.00000,-2.39678,-1.71787,-2.48863
637737.00000,-2.38579,-1.73427,-2.47741
637741.00000,-2.37471,-1.67551,-2.46609
637745.00000,-2.36353,-1.71015,-2.45465
637749.00000,-2.35226,-1.68285,-2.44309
637753.00000,-2.34089,-1.68671,-2.43141
637757.00000,-2.32943,-1.65971,-2.41959
637761.00000,-2.31787,-1.63184,-2.40765
637765.00000,-2.30622,-1.62180,-2.39560
637769.00000,-2.29448,-1.60451,-2.38344
637773.00000,-2.28264,-1.58359,-2.37119
637777.00000,-2.27071,-1.55850,-2.35884
637781.00000,-2.25869,-1.54164,-2.34638
637785.00000,-2.24658,-1.55399,-2.33382
637789.00000,-2.23437,-1.57857,-2.32116
637793.00000,-2.22207,-1.54522,-2.30839
637797.00000,-2.20968,-1.53133,-2.29553
637801.00000,-2.19720,-1.41834,-2.28256
637805.00000,-2.18463,-1.43742,-2.26952
637809.00000,-2.17197,-1.35815,-2.25638
637813.00000,-2.15922,-1.38769,-2.24314
637817.00000,-2.14637,-1.33841,-2.22978
637821.00000,-2.13344,-1.35789,-2.21631
637825.00000,-2.12042,-1.34216,-2.20272
637829.00000,-2.10731,-1.33394,-2.18903
637833.00000,-2.09411,-1.27251,-2.17525
637837.00000,-2.08083,-1.29663,-2.16138
637841.00000,-2.06745,-1.22823,-2.14744
637845.00000,-2.05399,-1.26399,-2.13341
637849.00000,-2.04044,-1.23470,-2.11929
637853.00000,-2.02680,-1.24563,-2.10507
637857.00000,-2.01308,-1.19775,-2.09072
637861.00000,-1.99927,-1.17505,-2.07625
637865.00000,-1.98538,-1.15245,-2.06166
637869.00000,-1.97140,-1.13447,-2.04699
637873.00000,-1.95733,-1.12674,-2.03223
637877.00000,-1.94319,-1.09216,-2.01739
637881.00000,-1.92895,-1.06788,-2.00246
637885.00000,-1.91464,-1.07809,-1.98743
637889.00000,-1.90024,-1.10342,-1.97231
637893.00000,-1.88575,-1.06669,-1.95708
637897.00000,-1.87119,-1.05684,-1.94175
637901.00000,-1.85654,-1.04957,-1.92634
637905.00000,-1.84181,-1.05993,-1.91086
637909.00000,-1.82700,-0.99337,-1.89530
637913.00000,-1.81211,-1.02816,-1.87966
637917.00000,-1.79714,-0.97231,-1.86392
637921.00000,-1.78209,-0.98145,-1.84807
637925.00000,-1.76696,-0.97236,-1.83209
637929.00000,-1.75175,-0.93987,-1.81601
637933.00000,-1.73646,-0.88818,-1.79982
637937.00000,-1.72110,-0.90533,-1.78354
637941.00000,-1.70565,-0.86308,-1.76718
637945.00000,-1.69013,-0.85652,-1.75078
637949.00000,-1.67454,-0.83081,-1.73433
637953.00000,-1.65886,-0.84303,-1.71783
637957.00000,-1.64312,-0.79963,-1.70129
637961.00000,-1.62729,-0.77137,-1.68469
637965.00000,-1.61139,-0.75072,-1.66805
637969.00000,-1.59542,-0.73973,-1.65137
637973.00000,-1.57938,-0.71729,-1.63464
637977.00000,-1.56326,-0.67662,-1.61787
637981.00000,-1.54707,-0.67674,-1.60105
637985.00000,-1.53080,-0.67623,-1.58420
637989.00000,-1.51447,-0.70457,-1.56731
637993.00000,-1.49806,-0.64665,-1.55037
637997.00000,-1.48159,-0.62628,-1.53339
638001.00000,-1.46504,-0.62473,-1.51638
638005.00000,-1.44843,-0.63435,-1.49935
638009.00000,-1.43174,-0.58892,-1.48230
638013.00000,-1.41499,-0.60071,-1.46523
638017.00000,-1.39817,-0.56276,-1.44815
638021.00000,-1.38128,-0.55645,-1.43105
638025.00000,-1.36433,-0.53997,-1.41394
638029.00000,-1.34731,-0.49011,-1.39682
638033.00000,-1.33023,-0.45380,-1.37969
638037.00000,-1.31308,-0.46684,-1.36256
638041.00000,-1.29586,-0.44111,-1.34544
638045.00000,-1.27859,-0.39634,-1.32832
638049.00000,-1.26125,-0.39017,-1.31120
638053.00000,-1.24385,-0.38914,-1.29409
638057.00000,-1.22638,-0.36486,-1.27696
638061.00000,-1.20886,-0.32544,-1.25984
638065.00000,-1.19127,-0.30840,-1.24271
638069.00000,-1.17363,-0.28833,-1.22560
638073.00000,-1.15592,-0.27068,-1.20848
638077.00000,-1.13816,-0.23012,-1.19134
638081.00000,-1.12034,-0.24844,-1.17418
638085.00000,-1.10246,-0.22093,-1.15700
638089.00000,-1.08453,-0.25018,-1.13978
638093.00000,-1.06654,-0.20357,-1.12254
638097.00000,-1.04849,-0.15354,-1.10527
638101.00000,-1.03039,-0.08520,-1.08799
638105.00000,-1.01223,-0.08560,-1.07070
638109.00000,-0.99403,-0.01151,-1.05341
638113.00000,-0.97577,-0.04659,-1.03610
638117.00000,-0.95745,0.03912,-1.01878
638121.00000,-0.93909,0.00453,-1.00144
638125.00000,-0.92068,0.01004,-0.98408
638129.00000,-0.90221,0.09537,-0.96670
638133.00000,-0.88370,0.12556,-0.94932
638137.00000,-0.86514,0.11340,-0.93193
638141.00000,-0.84653,0.10979,-0.91452
638145.00000,-0.82787,0.17764,-0.89708
638149.00000,-0.80917,0.18256,-0.87959
638153.00000,-0.79042,0.17709,-0.86201
638157.00000,-0.77162,0.24099,-0.84434
638161.00000,-0.75279,0.25768,-0.82657
638165.00000,-0.73391,0.27992,-0.80872
638169.00000,-0.71498,0.31133,-0.79080
638173.00000,-0.69602,0.31263,-0.77281
638177.00000,-0.67701,0.36251,-0.75474
638181.00000,-0.65796,0.34220,-0.73657
638185.00000,-0.63887,0.38138,-0.71831
638189.00000,-0.61975,0.37119,-0.69995
638193.00000,-0.60058,0.40752,-0.68147
638197.00000,-0.58138,0.49824,-0.66288
638201.00000,-0.56214,0.41352,-0.64422
638205.00000,-0.54287,0.47961,-0.62548
638209.00000,-0.52356,0.51172,-0.60666
638213.00000,-0.50422,0.47175,-0.58774
638217.00000,-0.48484,0.55004,-0.56870
638221.00000,-0.46543,0.49902,-0.54953
638225.00000,-0.44599,0.52926,-0.53024
638229.00000,-0.42652,0.55968,-0.51082
638233.00000,-0.40701,0.58397,-0.49128
638237.00000,-0.38748,0.64256,-0.47164
638241.00000,-0.36792,0.61798,-0.45189
638245.00000,-0.34833,0.67631,-0.43205
638249.00000,-0.32871,0.68791,-0.41211
638253.00000,-0.30907,0.73749,-0.39207
638257.00000,-0.28940,0.78966,-0.37193
638261.00000,-0.26971,0.76921,-0.35171
638265.00000,-0.25000,0.77320,-0.33141
638269.00000,-0.23026,0.81508,-0.31106
638273.00000,-0.21050,0.85740,-0.29066
638277.00000,-0.19071,0.87178,-0.27019
638281.00000,-0.17091,0.87925,-0.24965
638285.00000,-0.15109,0.95261,-0.22906
638289.00000,-0.13125,0.91898,-0.20839
638293.00000,-0.11139,0.96758,-0.18765
638297.00000,-0.09151,0.98699,-0.16684
638301.00000,-0.07162,0.89675,-0.14597
638305.00000,-0.05171,0.93527,-0.12506
638309.00000,-0.03179,0.87577,-0.10411
638313.00000,-0.01186,0.95966,-0.08313
638317.00000,0.00809,0.89999,-0.06209
638321.00000,0.02805,0.98768,-0.04099
638325.00000,0.04802,0.96311,-0.01985
638329.00000,0.06800,0.99799,0.00135
638333.00000,0.08799,0.96483,0.02260
638337.00000,0.10798,1.01423,0.04390
638341.00000,0.12799,1.02793,0.06523
638345.00000,0.14800,1.03528,0.08654
638349.00000,0.16801,1.04328,0.10782
638353.00000,0.18803,1.08723,0.12905
638357.00000,0.20806,1.08871,0.15022
638361.00000,0.22809,1.09995,0.17134
638365.00000,0.24811,1.13863,0.19240
638369.00000,0.26814,1.12217,0.21341
638373.00000,0.28817,1.11074,0.23438
638377.00000,0.30820,1.11609,0.25531
638381.00000,0.32823,1.15440,0.27618
638385.00000,0.34825,1.14089,0.29697
638389.00000,0.36827,1.18161,0.31768
638393.00000,0.38829,1.11114,0.33832
638397.00000,0.40830,1.15789,0.35889
638401.00000,0.42830,1.45899,0.37940
638405.00000,0.44830,1.48378,0.39985
638409.00000,0.46828,1.46121,0.42023
638413.00000,0.48826,1.51053,0.44052
638417.00000,0.50823,1.47191,0.46066
638421.00000,0.52819,1.54244,0.48063
638425.00000,0.54813,1.56179,0.50041
638429.00000,0.56806,1.57130,0.51997
638433.00000,0.58798,1.54866,0.53932
638437.00000,0.60788,1.54510,0.55849
638441.00000,0.62777,1.62629,0.57750
638445.00000,0.64763,1.60524,0.59641
638449.00000,0.66749,1.62452,0.61527
638453.00000,0.68732,1.67637,0.63410
638457.00000,0.70713,1.61759,0.65291
638461.00000,0.72692,1.66549,0.67170
638465.00000,0.74669,1.72803,0.69047
638469.00000,0.76644,1.68004,0.70922
638473.00000,0.78616,1.68356,0.72792
638477.00000,0.80586,1.67606,0.74657
638481.00000,0.82553,1.71775,0.76520
638485.00000,0.84517,1.70557,0.78382
638489.00000,0.86479,1.71345,0.80243
638493.00000,0.88438,1.71229,0.82101
638497.00000,0.90394,1.75216,0.83952
638501.00000,0.92346,1.91213,0.85797
638505.00000,0.94296,1.94121,0.87640
638509.00000,0.96243,1.91776,0.89482
638513.00000,0.98186,1.94078,0.91325
638517.00000,1.00125,1.93051,0.93171
638521.00000,1.02061,1.97121,0.95021
638525.00000,1.03993,2.00031,0.96877
638529.00000,1.05922,2.02692,0.98738
638533.00000,1.07847,2.01343,1.00600
638537.00000,1.09767,1.98858,1.02463
638541.00000,1.11684,2.08178,1.04331
638545.00000,1.13597,2.05705,1.06204
638549.00000,1.15505,2.07547,1.08083
638553.00000,1.17409,2.13219,1.09965
638557.00000,1.19308,2.07257,1.11849
638561.00000,1.21203,2.12224,1.13736
638565.00000,1.23093,2.16787,1.15625
638569.00000,1.24979,2.13180,1.17516
638573.00000,1.26859,2.14989,1.19407
638577.00000,1.28735,2.13166,1.21299
638581.00000,1.30606,2.18616,1.23193
638585.00000,1.32471,2.17166,1.25088
638589.00000,1.34331,2.16473,1.26983
638593.00000,1.36186,2.18383,1.28875
638597.00000,1.38035,2.22974,1.30763
638601.00000,1.39879,2.31821,1.32647
638605.00000,1.41717,2.34785,1.34531
638609.00000,1.43549,2.33678,1.36414
638613.00000,1.45376,2.33891,1.38296
638617.00000,1.47196,2.33056,1.40176
638621.00000,1.49011,2.36908,1.42057
638625.00000,1.50819,2.40628,1.43938
638629.00000,1.52621,2.43028,1.45817
638633.00000,1.54417,2.43836,1.47695
638637.00000,1.56206,2.40479,1.49571
638641.00000,1.57988,2.49035,1.51447
638645.00000,1.59764,2.48612,1.53323
638649.00000,1.61534,2.48665,1.55199
638653.00000,1.63296,2.55407,1.57074
638657.00000,1.65051,2.49474,1.58947
638661.00000,1.66800,2.53248,1.60818
638665.00000,1.68541,2.57330,1.62688
638669.00000,1.70275,2.54411,1.64556
638673.00000,1.72001,2.57697,1.66422
638677.00000,1.73720,2.56659,1.68285
638681.00000,1.75432,2.59798,1.70147
638685.00000,1.77135,2.59901,1.72007
638689.00000,1.78831,2.58291,1.73864
638693.00000,1.80520,2.61223,1.75715
638697.00000,1.82200,2.65170,1.77559
638701.00000,1.83872,2.61617,1.79396
638705.00000,1.85536,2.63454,1.81229
638709.00000,1.87192,2.63559,1.83059
638713.00000,1.88839,2.63961,1.84885
638717.00000,1.90478,2.63714,1.86707
638721.00000,1.92109,2.66749,1.88525
638725.00000,1.93731,2.69890,1.90341
638729.00000,1.95344,2.71742,1.92153
638733.00000,1.96948,2.72771,1.93959
638737.00000,1.98543,2.69257,1.95759
638741.00000,2.00130,2.76719,1.97554
638745.00000,2.01707,2.77914,1.99343
638749.00000,2.03275,2.74998,2.01125
638753.00000,2.04833,2.81130,2.02897
638757.00000,2.06382,2.77772,2.04660
638761.00000,2.07922,2.79970,2.06413
638765.00000,2.09452,2.83405,2.08156
638769.00000,2.10973,2.82704,2.09890
638773.00000,2.12483,2.83712,2.11615
638777.00000,2.13984,2.84717,2.13330
638781.00000,2.15475,2.86588,2.15036
638785.00000,2.16955,2.87820,2.16731
638789.00000,2.18426,2.85334,2.18414
638793.00000,2.19886,2.88345,2.20085
638797.00000,2.21336,2.90963,2.21743
638801.00000,2.22775,2.77972,2.23388
638805.00000,2.24204,2.77970,2.25022
638809.00000,2.25622,2.79826,2.26645
638813.00000,2.27030,2.80801,2.28255
638817.00000,2.28426,2.80101,2.29853
638821.00000,2.29812,2.81968,2.31438
638825.00000,2.31187,2.84707,2.33009
638829.00000,2.32551,2.85994,2.34566
638833.00000,2.33903,2.86114,2.36109
638837.00000,2.35244,2.82997,2.37637
638841.00000,2.36574,2.88601,2.39150
638845.00000,2.37893,2.90764,2.40648
638849.00000,2.39200,2.85588,2.42127
638853.00000,2.40495,2.89794,2.43585
638857.00000,2.41779,2.89697,2.45023
638861.00000,2.43050,2.90242,2.46440
638865.00000,2.44310,2.92257,2.47838
638869.00000,2.45558,2.93610,2.49217
638873.00000,2.46794,2.92949,2.50578
638877.00000,2.48018,2.94164,2.51922
638881.00000,2.49229,2.95417,2.53247
638885.00000,2.50428,2.98348,2.54552
638889.00000,2.51615,2.95032,2.55838
638893.00000,2.52789,2.97794,2.57104
638897.00000,2.53951,2.98152,2.58352
638901.00000,2.55100,2.88076,2.59581
638905.00000,2.56236,2.87039,2.60793
638909.00000,2.57360,2.89829,2.61985
638913.00000,2.58471,2.90975,2.63158
638917.00000,2.59568,2.90301,2.64309
638921.00000,2.60653,2.90441,2.65436
638925.00000,2.61724,2.92977,2.66541
638929.00000,2.62783,2.93669,2.67624
638933.00000,2.63828,2.92897,2.68685
638937.00000,2.64859,2.90278,2.69725
638941.00000,2.65877,2.95035,2.70744
638945.00000,2.66882,2.96621,2.71742
638949.00000,2.67873,2.90600,2.72715
638953.00000,2.68850,2.92870,2.73665
638957.00000,2.69814,2.94498,2.74591
638961.00000,2.70764,2.93688,2.75495
638965.00000,2.71700,2.94980,2.76378
638969.00000,2.72621,2.97314,2.77241
638973.00000,2.73529,2.95155,2.78084
638977.00000,2.74423,2.96136,2.78909
638981.00000,2.75302,2.97309,2.79713
638985.00000,2.76168,3.01068,2.80497
638989.00000,2.77019,2.98534,2.81261
638993.00000,2.77855,2.99901,2.82007
638997.00000,2.78677,2.98773,2.82735
639001.00000,2.79485,2.85443,2.83445
639005.00000,2.80277,2.84558,2.84139
639009.00000,2.81056,2.88079,2.84815
639013.00000,2.81819,2.87301,2.85472
639017.00000,2.82568,2.87119,2.86108
639021.00000,2.83301,2.85083,2.86722
639025.00000,2.84020,2.87051,2.87318
639029.00000,2.84724,2.86616,2.87895
639033.00000,2.85413,2.86673,2.88455
639037.00000,2.86086,2.84458,2.88997
639041.00000,2.86745,2.86886,2.89522
639045.00000,2.87388,2.88051,2.90027
639049.00000,2.88015,2.82300,2.90510
639053.00000,2.88628,2.83250,2.90969
639057.00000,2.89225,2.84264,2.91406
639061.00000,2.89806,2.83500,2.91821
639065.00000,2.90372,2.84251,2.92217
639069.00000,2.90923,2.85601,2.92594
639073.00000,2.91457,2.83309,2.92952
639077.00000,2.91976,2.83233,2.93290
639081.00000,2.92479,2.84182,2.93608
639085.00000,2.92967,2.88080,2.93905
639089.00000,2.93438,2.85346,2.94182
639093.00000,2.93894,2.85196,2.94440
639097.00000,2.94333,2.84053,2.94682
639101.00000,2.94757,2.76918,2.94908
639105.00000,2.95164,2.75465,2.95117
639109.00000,2.95555,2.80265,2.95308
639113.00000,2.95930,2.78386,2.95480
639117.00000,2.96289,2.77336,2.95630
639121.00000,2.96632,2.73247,2.95759
639125.00000,2.96958,2.75117,2.95866
639129.00000,2.97268,2.73296,2.95954
639133.00000,2.97561,2.73933,2.96023
639137.00000,2.97838,2.72543,2.96074
639141.00000,2.98099,2.72377,2.96105
639145.00000,2.98343,2.73668,2.96118
639149.00000,2.98570,2.68869,2.96112
639153.00000,2.98781,2.67361,2.96086
639157.00000,2.98975,2.67815,2.96042
639161.00000,2.99152,2.68071,2.95980
639165.00000,2.99313,2.68064,2.95900
639169.00000,2.99457,2.68774,2.95804
639173.00000,2.99584,2.64970,2.95691
639177.00000,2.99694,2.64734,2.95559
639181.00000,2.99787,2.64180,2.95409
639185.00000,2.99864,2.68659,2.95243
639189.00000,2.99923,2.64722,2.95061
639193.00000,2.99966,2.63552,2.94864
639197.00000,2.99991,2.63237,2.94651
639201.00000,3.00000,2.62579,2.94424
639205.00000,2.99991,2.61885,2.94182
639209.00000,2.99966,2.64321,2.93924
639213.00000,2.99923,2.63685,2.93651
639217.00000,2.99863,2.61800,2.93361
639221.00000,2.99786,2.58159,2.93056
639225.00000,2.99692,2.58004,2.92736
639229.00000,2.99581,2.56035,2.92401
639233.00000,2.99452,2.55371,2.92051
639237.00000,2.99306,2.56006,2.91686
639241.00000,2.99143,2.54311,2.91305
639245.00000,2.98963,2.54549,2.90910
639249.00000,2.98765,2.51006,2.90501
639253.00000,2.98550,2.48395,2.90078
639257.00000,2.98318,2.49465,2.89642
639261.00000,2.98068,2.48031,2.89194
639265.00000,2.97801,2.47346,2.88733
639269.00000,2.97517,2.48389,2.88260
639273.00000,2.97215,2.43917,2.87773
639277.00000,2.96896,2.44026,2.87272
639281.00000,2.96559,2.42998,2.86759
639285.00000,2.96205,2.46202,2.86234
639289.00000,2.95834,2.42991,2.85698
639293.00000,2.95445,2.41027,2.85150
639297.00000,2.95039,2.39904,2.84592
639301.00000,2.94615,2.35902,2.84023
639305.00000,2.94174,2.35311,2.83443
639309.00000,2.93716,2.36609,2.82851
639313.00000,2.93240,2.36491,2.82248
639317.00000,2.92747,2.34124,2.81634
639321.00000,2.92236,2.30513,2.81010
639325.00000,2.91708,2.27902,2.80378
639329.00000,2.91162,2.26126,2.79736
639333.00000,2.90599,2.25237,2.79085
639337.00000,2.90019,2.26780,2.78424
639341.00000,2.89421,2.24428,2.77752
639345.00000,2.88806,2.23041,2.77069
639349.00000,2.88173,2.20170,2.76374
639353.00000,2.87523,2.16536,2.75668
639357.00000,2.86856,2.19160,2.74951
639361.00000,2.86171,2.16061,2.74222
639365.00000,2.85469,2.14075,2.73481
639369.00000,2.84750,2.14910,2.72727
639373.00000,2.84013,2.10863,2.71961
639377.00000,2.83259,2.11207,2.71182
639381.00000,2.82488,2.09022,2.70389
639385.00000,2.81700,2.10930,2.69584
639389.00000,2.80894,2.07548,2.68766
639393.00000,2.80071,2.06151,2.67937
639397.00000,2.79231,2.03265,2.67097
639401.00000,2.78374,1.97804,2.66245
639405.00000,2.77500,1.96919,2.65381
639409.00000,2.76609,1.97210,2.64503
639413.00000,2.75700,1.97140,2.63611
639417.00000,2.74775,1.94266,2.62706
639421.00000,2.73832,1.90745,2.61788
639425.00000,2.72873,1.86026,2.60857
639429.00000,2.71896,1.84332,2.59914
639433.00000,2.70903,1.83898,2.58958
639437.00000,2.69892,1.85089,2.57989
639441.00000,2.68865,1.82568,2.57006
639445.00000,2.67821,1.79593,2.56007
639449.00000,2.66761,1.77303,2.54992
639453.00000,2.65683,1.72174,2.53961
639457.00000,2.64589,1.76487,2.52916
639461.00000,2.63478,1.70990,2.51856
639465.00000,2.62351,1.68719,2.50780
639469.00000,2.61207,1.68845,2.49688
639473.00000,2.60046,1.65315,2.48580
639477.00000,2.58869,1.65794,2.47455
639481.00000,2.57676,1.62751,2.46314
639485.00000,2.56466,1.63630,2.45155
639489.00000,2.55240,1.59769,2.43981
639493.00000,2.53998,1.58998,2.42793
639497.00000,2.52739,1.54017,2.41591
639501.00000,2.51464,1.49621,2.40375
639505.00000,2.50173,1.45700,2.39143
639509.00000,2.48866,1.44969,2.37894
639513.00000,2.47543,1.44869,2.36629
639517.00000,2.46204,1.41735,2.35347
639521.00000,2.44850,1.38647,2.34050
639525.00000,2.43479,1.31868,2.32736
639529.00000,2.42092,1.31382,2.31406
639533.00000,2.40690,1.30314,2.30061
639537.00000,2.39272,1.29795,2.28699
639541.00000,2.37839,1.28685,2.27318
639545.00000,2.36390,1.23566,2.25917
639549.00000,2.34926,1.23713,2.24496
639553.00000,2.33446,1.16088,2.23057
639557.00000,2.31951,1.22920,2.21600
639561.00000,2.30441,1.14002,2.20124
639565.00000,2.28916,1.13314,2.18630
639569.00000,2.27375,1.12729,2.17117
639573.00000,2.25820,1.08300,2.15584
639577.00000,2.24249,1.10920,2.14032
639581.00000,2.22664,1.03468,2.12460
639585.00000,2.21064,1.05309,2.10868
639589.00000,2.19449,1.01101,2.09259
639593.00000,2.17820,1.00747,2.07633
639597.00000,2.16176,0.94856,2.05992
639601.00000,2.14518,0.98956,2.04336
639605.00000,2.12845,0.93253,2.02662
639609.00000,2.11158,0.93847,2.00970
639613.00000,2.09457,0.94644,1.99260
639617.00000,2.07741,0.90875,1.97532
639621.00000,2.06012,0.88220,1.95786
639625.00000,2.04268,0.83813,1.94022
639629.00000,2.02511,0.81575,1.92241
639633.00000,2.00740,0.80231,1.90442
639637.00000,1.98956,0.77289,1.88626
639641.00000,1.97158,0.78336,1.86790
639645.00000,1.95346,0.73783,1.84936
639649.00000,1.93521,0.71684,1.83064
639653.00000,1.91683,0.68868,1.81178
639657.00000,1.89831,0.73057,1.79279
639661.00000,1.87967,0.64627,1.77369
639665.00000,1.86089,0.65467,1.75448
639669.00000,1.84199,0.63412,1.73515
639673.00000,1.82296,0.58941,1.71571
639677.00000,1.80380,0.62230,1.69613
639681.00000,1.78452,0.57037,1.67643
639685.00000,1.76511,0.55735,1.65661
639689.00000,1.74558,0.51554,1.63670
639693.00000,1.72592,0.49768,1.61670
639697.00000,1.70615,0.45689,1.59663
639701.00000,1.68625,0.44204,1.57648
639705.00000,1.66624,0.37053,1.55625
639709.00000,1.64610,0.39151,1.53593
639713.00000,1.62585,0.40723,1.51554
639717.00000,1.60549,0.36497,1.49507
639721.00000,1.58501,0.34215,1.47455
639725.00000,1.56442,0.31526,1.45398
639729.00000,1.54371,0.28228,1.43337
639733.00000,1.52290,0.24908,1.41271
639737.00000,1.50197,0.23237,1.39200
639741.00000,1.48094,0.23614,1.37123
639745.00000,1.45980,0.21230,1.35037
639749.00000,1.43855,0.16244,1.32943
639753.00000,1.41720,0.17001,1.30841
639757.00000,1.39574,0.18539,1.28733
639761.00000,1.37418,0.12203,1.26621
639765.00000,1.35253,0.13547,1.24505
639769.00000,1.33077,0.11930,1.22386
639773.00000,1.30891,0.06805,1.20264
639777.00000,1.28696,0.08610,1.18138
639781.00000,1.26491,0.06484,1.16007
639785.00000,1.24276,0.02620,1.13872
639789.00000,1.22053,-0.01129,1.11734
639793.00000,1.19820,-0.04316,1.09594
639797.00000,1.17578,-0.08147,1.07454
639801.00000,1.15327,-0.18843,1.05311
639805.00000,1.13068,-0.23001,1.03166
639809.00000,1.10800,-0.25242,1.01018
639813.00000,1.08523,-0.24341,0.98864
639817.00000,1.06238,-0.26462,0.96707
639821.00000,1.03945,-0.28567,0.94547
639825.00000,1.01644,-0.33111,0.92385
639829.00000,0.99334,-0.33419,0.90223
639833.00000,0.97017,-0.39556,0.88060
639837.00000,0.94693,-0.39439,0.85894
639841.00000,0.92361,-0.45098,0.83725
639845.00000,0.90021,-0.42660,0.81549
639849.00000,0.87675,-0.46173,0.79365
639853.00000,0.85321,-0.46889,0.77173
639857.00000,0.82961,-0.51282,0.74973
639861.00000,0.80594,-0.54973,0.72767
639865.00000,0.78220,-0.56204,0.70555
639869.00000,0.75840,-0.59203,0.68337
639873.00000,0.73453,-0.61987,0.66114
639877.00000,0.71060,-0.60968,0.63885
639881.00000,0.68662,-0.68644,0.61649
639885.00000,0.66257,-0.73846,0.59407
639889.00000,0.63847,-0.73935,0.57159
639893.00000,0.61432,-0.77536,0.54907
639897.00000,0.59011,-0.80490,0.52651
639901.00000,0.56585,-0.79549,0.50390
639905.00000,0.54154,-0.77106,0.48124
639909.00000,0.51717,-0.80871,0.45848
639913.00000,0.49277,-0.85706,0.43564
639917.00000,0.46831,-0.86968,0.41268
639921.00000,0.44382,-0.86625,0.38962
639925.00000,0.41928,-0.93763,0.36644
639929.00000,0.39470,-0.93346,0.34313
639933.00000,0.37008,-0.97194,0.31969
639937.00000,0.34542,-0.93804,0.29613
639941.00000,0.32073,-1.00389,0.27245
639945.00000,0.29601,-1.05273,0.24868
639949.00000,0.27125,-1.05598,0.22483
639953.00000,0.24646,-1.06123,0.20092
639957.00000,0.22164,-1.13013,0.17697
639961.00000,0.19680,-1.12042,0.15297
639965.00000,0.17193,-1.17208,0.12891
639969.00000,0.14703,-1.19353,0.10478
639973.00000,0.12212,-1.22682,0.08057
639977.00000,0.09718,-1.24536,0.05633
639981.00000,0.07222,-1.28953,0.03207
639985.00000,0.04725,-1.33512,0.00779
639989.00000,0.02226,-1.38901,-0.01652
639993.00000,-0.00274,-1.39045,-0.04085
639997.00000,-0.02775,-1.41780,-0.06525
640001.00000,-0.05278,-1.29805,-0.08972
640005.00000,-0.07781,-1.30055,-0.11427
640009.00000,-0.10285,-1.33806,-0.13888
640013.00000,-0.12789,-1.33940,-0.16353
640017.00000,-0.15294,-1.33002,-0.18820
640021.00000,-0.17799,-1.33597,-0.21288
640025.00000,-0.20303,-1.33655,-0.23759
640029.00000,-0.22808,-1.38626,-0.26234
640033.00000,-0.25312,-1.39847,-0.28714
640037.00000,-0.27816,-1.36315,-0.31198
640041.00000,-0.30319,-1.31635,-0.33686
640045.00000,-0.32820,-1.38782,-0.36172
640049.00000,-0.35321,-1.40521,-0.38654
640053.00000,-0.37821,-1.36057,-0.41129
640057.00000,-0.40319,-1.40983,-0.43595
640061.00000,-0.42815,-1.39292,-0.46052
640065.00000,-0.45310,-1.39900,-0.48500
640069.00000,-0.47802,-1.34847,-0.50940
640073.00000,-0.50293,-1.34804,-0.53372
640077.00000,-0.52781,-1.36370,-0.55795
640081.00000,-0.55266,-1.35999,-0.58206
640085.00000,-0.57749,-1.33525,-0.60603
640089.00000,-0.60229,-1.39342,-0.62986
640093.00000,-0.62705,-1.33585,-0.65354
640097.00000,-0.65179,-1.33362,-0.67708
640101.00000,-0.67649,-1.86819,-0.70048
640105.00000,-0.70115,-1.88058,-0.72371
640109.00000,-0.72577,-1.91916,-0.74676
640113.00000,-0.75036,-1.92288,-0.76960
640117.00000,-0.77490,-2.01108,-0.79216
640121.00000,-0.79940,-1.99241,-0.81440
640125.00000,-0.82385,-1.97309,-0.83631
640129.00000,-0.84826,-1.99022,-0.85785
640133.00000,-0.87261,-2.04588,-0.87904
640137.00000,-0.89692,-2.02047,-0.89986
640141.00000,-0.92117,-2.00009,-0.92037
640145.00000,-0.94537,-2.04981,-0.94064
640149.00000,-0.96951,-2.08738,-0.96077
640153.00000,-0.99359,-2.03521,-0.98082
640157.00000,-1.01761,-2.09239,-1.00083
640161.00000,-1.04157,-2.11540,-1.02083
640165.00000,-1.06546,-2.11114,-1.04079
640169.00000,-1.08929,-2.14324,-1.06067
640173.00000,-1.11306,-2.10004,-1.08042
640177.00000,-1.13675,-2.14514,-1.10005
640181.00000,-1.16037,-2.20666,-1.11959
640185.00000,-1.18392,-2.14219,-1.13909
640189.00000,-1.20739,-2.24362,-1.15855
640193.00000,-1.23078,-2.20315,-1.17796
640197.00000,-1.25410,-2.27131,-1.19729
640201.00000,-1.27734,-2.37410,-1.21650
640205.00000,-1.30049,-2.39491,-1.23560
640209.00000,-1.32356,-2.40394,-1.25462
640213.00000,-1.34655,-2.43731,-1.27363
640217.00000,-1.36944,-2.54147,-1.29270
640221.00000,-1.39225,-2.49207,-1.31193
640225.00000,-1.41496,-2.46021,-1.33134
640229.00000,-1.43759,-2.49890,-1.35096
640233.00000,-1.46011,-2.55275,-1.37075
640237.00000,-1.48254,-2.51886,-1.39071
640241.00000,-1.50487,-2.52214,-1.41079
640245.00000,-1.52710,-2.57620,-1.43101
640249.00000,-1.54923,-2.60820,-1.45134
640253.00000,-1.57126,-2.56022,-1.47181
640257.00000,-1.59317,-2.61280,-1.49241
640261.00000,-1.61499,-2.64676,-1.51312
640265.00000,-1.63669,-2.60810,-1.53395
640269.00000,-1.65828,-2.66932,-1.55485
640273.00000,-1.67975,-2.59309,-1.57582
640277.00000,-1.70112,-2.66532,-1.59684
640281.00000,-1.72236,-2.72373,-1.61788
640285.00000,-1.74349,-2.68554,-1.63895
640289.00000,-1.76450,-2.74410,-1.66005
640293.00000,-1.78538,-2.69318,-1.68118
640297.00000,-1.80615,-2.80029,-1.70234
640301.00000,-1.82678,-2.71298,-1.72351
640305.00000,-1.84729,-2.74507,-1.74468
640309.00000,-1.86767,-2.75451,-1.76585
640313.00000,-1.88793,-2.76936,-1.78704
640317.00000,-1.90804,-2.86392,-1.80825
640321.00000,-1.92803,-2.82392,-1.82951
640325.00000,-1.94788,-2.75642,-1.85080
640329.00000,-1.96759,-2.81823,-1.87213
640333.00000,-1.98716,-2.85755,-1.89350
640337.00000,-2.00660,-2.85838,-1.91490
640341.00000,-2.02589,-2.82881,-1.93629
640345.00000,-2.04503,-2.88584,-1.95766
640349.00000,-2.06403,-2.89105,-1.97898
640353.00000,-2.08289,-2.87023,-2.00025
640357.00000,-2.10159,-2.91360,-2.02146
640361.00000,-2.12015,-2.91233,-2.04260
640365.00000,-2.13855,-2.90203,-2.06364
640369.00000,-2.15680,-2.97458,-2.08458
640373.00000,-2.17489,-2.86895,-2.10541
640377.00000,-2.19283,-2.94600,-2.12615
640381.00000,-2.21060,-2.99646,-2.14678
640385.00000,-2.22822,-2.95007,-2.16726
640389.00000,-2.24568,-2.94820,-2.18761
640393.00000,-2.26297,-2.92841,-2.20784
640397.00000,-2.28010,-3.01404,-2.22795
640401.00000,-2.29706,-2.88782,-2.24792
640405.00000,-2.31385,-2.91468,-2.26775
640409.00000,-2.33047,-2.93218,-2.28741
640413.00000,-2.34692,-2.92097,-2.30694
640417.00000,-2.36320,-3.00871,-2.32631
640421.00000,-2.37931,-2.97003,-2.34553
640425.00000,-2.39524,-2.89183,-2.36456
640429.00000,-2.41099,-2.94042,-2.38341
640433.00000,-2.42657,-2.97925,-2.40207
640437.00000,-2.44196,-2.98915,-2.42054
640441.00000,-2.45718,-2.94761,-2.43879
640445.00000,-2.47221,-3.00443,-2.45681
640449.00000,-2.48706,-2.97920,-2.47459
640453.00000,-2.50172,-2.95965,-2.49215
640457.00000,-2.51619,-3.00897,-2.50947
640461.00000,-2.53048,-2.98985,-2.52656
640465.00000,-2.54457,-2.99945,-2.54338
640469.00000,-2.55848,-3.05358,-2.55994
640473.00000,-2.57219,-2.94995,-2.57625
640477.00000,-2.58571,-3.01720,-2.59230
640481.00000,-2.59903,-3.04209,-2.60808
640485.00000,-2.61216,-2.99794,-2.62359
640489.00000,-2.62509,-2.99011,-2.63883
640493.00000,-2.63782,-2.98493,-2.65381
640497.00000,-2.65035,-3.02522,-2.66854
640501.00000,-2.66267,-2.97650,-2.68299
640505.00000,-2.67480,-2.99025,-2.69715
640509.00000,-2.68672,-3.02031,-2.71103
640513.00000,-2.69844,-2.98869,-2.72463
640517.00000,-2.70995,-3.07420,-2.73796
640521.00000,-2.72125,-3.04218,-2.75100
640525.00000,-2.73234,-2.96545,-2.76373
640529.00000,-2.74322,-2.98166,-2.77616
640533.00000,-2.75390,-3.03244,-2.78828
640537.00000,-2.76436,-3.03562,-2.80009
640541.00000,-2.77460,-2.99479,-2.81158
640545.00000,-2.78463,-3.04848,-2.82277
640549.00000,-2.79445,-2.99291,-2.83365
640553.00000,-2.80405,-2.97669,-2.84427
640557.00000,-2.81343,-3.02432,-2.85462
640561.00000,-2.82259,-3.00169,-2.86470
640565.00000,-2.83153,-3.03788,-2.87449
640569.00000,-2.84026,-3.05742,-2.88399
640573.00000,-2.84876,-2.96842,-2.89320
640577.00000,-2.85703,-3.02597,-2.90213
640581.00000,-2.86509,-3.02570,-2.91080
640585.00000,-2.87291,-2.99226,-2.91920
640589.00000,-2.88052,-2.99136,-2.92734
640593.00000,-2.88789,-2.98872,-2.93524
640597.00000,-2.89504,-2.99805,-2.94289
640601.00000,-2.90196,-2.93236,-2.95027
640605.00000,-2.90865,-2.93975,-2.95737
640609.00000,-2.91511,-2.95598,-2.96419
640613.00000,-2.92134,-2.91997,-2.97074
640617.00000,-2.92734,-2.97806,-2.97704
640621.00000,-2.93311,-2.94759,-2.98311
640625.00000,-2.93864,-2.88853,-2.98895
640629.00000,-2.94394,-2.90077,-2.99453
640633.00000,-2.94900,-2.93427,-2.99988
640637.00000,-2.95383,-2.91203,-3.00496
640641.00000,-2.95842,-2.88253,-3.00980
640645.00000,-2.96278,-2.92920,-3.01436
640649.00000,-2.96689,-2.88064,-3.01868
640653.00000,-2.97077,-2.85304,-3.02274
640657.00000,-2.97441,-2.89620,-3.02656
640661.00000,-2.97781,-2.85959,-3.03014
640665.00000,-2.98097,-2.91549,-3.03347
640669.00000,-2.98389,-2.90460,-3.03654
640673.00000,-2.98657,-2.82235,-3.03936
640677.00000,-2.98901,-2.86347,-3.04194
640681.00000,-2.99120,-2.85208,-3.04429
640685.00000,-2.99315,-2.83916,-3.04639
640689.00000,-2.99486,-2.85234,-3.04826
640693.00000,-2.99632,-2.82977,-3.04991
640697.00000,-2.99754,-2.82643,-3.05134
640701.00000,-2.99852,-2.76167,-3.05255
640705.00000,-2.99925,-2.75700,-3.05354
640709.00000,-2.99973,-2.76220,-3.05430
640713.00000,-2.99997,-2.73383,-3.05483
640717.00000,-2.99997,-2.76212,-3.05513
640721.00000,-2.99971,-2.73514,-3.05521
640725.00000,-2.99921,-2.70533,-3.05505
640729.00000,-2.99846,-2.69765,-3.05466
640733.00000,-2.99747,-2.70972,-3.05404
640737.00000,-2.99622,-2.69052,-3.05319
640741.00000,-2.99473,-2.65513,-3.05212
640745.00000,-2.99299,-2.69726,-3.05081
640749.00000,-2.99101,-2.65538,-3.04928
640753.00000,-2.98877,-2.62849,-3.04751
640757.00000,-2.98629,-2.66320,-3.04552
640761.00000,-2.98356,-2.61993,-3.04332
640765.00000,-2.98057,-2.67226,-3.04091
640769.00000,-2.97734,-2.63872,-3.03828
640773.00000,-2.97386,-2.57343,-3.03545
640777.00000,-2.97014,-2.59576,-3.03242
640781.00000,-2.96616,-2.58038,-3.02919
640785.00000,-2.96193,-2.57919,-3.02574
640789.00000,-2.95746,-2.59949,-3.02209
640793.00000,-2.95273,-2.56748,-3.01823
640797.00000,-2.94776,-2.54781,-3.01419
640801.00000,-2.94254,-2.39249,-3.00996
640805.00000,-2.93707,-2.38198,-3.00554
640809.00000,-2.93135,-2.37308,-3.00094
640813.00000,-2.92538,-2.35181,-2.99616
640817.00000,-2.91917,-2.35418,-2.99118
640821.00000,-2.91271,-2.33392,-2.98600
640825.00000,-2.90600,-2.31786,-2.98063
640829.00000,-2.89904,-2.30021,-2.97505
640833.00000,-2.89183,-2.28830,-2.96928
640837.00000,-2.88438,-2.27984,-2.96332
640841.00000,-2.87668,-2.22512,-2.95717
640845.00000,-2.86874,-2.26589,-2.95080
640849.00000,-2.86054,-2.22060,-2.94419
640853.00000,-2.85211,-2.20682,-2.93733
640857.00000,-2.84343,-2.21874,-2.93021
640861.00000,-2.83450,-2.17995,-2.92283
640865.00000,-2.82533,-2.20759,-2.91521
640869.00000,-2.81591,-2.17047,-2.90736
640873.00000,-2.80625,-2.11697,-2.89931
640877.00000,-2.79635,-2.11417,-2.89105
640881.00000,-2.78621,-2.10113,-2.88257
640885.00000,-2.77582,-2.10207,-2.87384
640889.00000,-2.76520,-2.11983,-2.86488
640893.00000,-2.75433,-2.07966,-2.85568
640897.00000,-2.74322,-2.05443,-2.84626
640901.00000,-2.73188,-1.86869,-2.83662
640905.00000,-2.72029,-1.86061,-2.82676
640909.00000,-2.70847,-1.82048,-2.81670
640913.00000,-2.69641,-1.81112,-2.80639
640917.00000,-2.68411,-1.78190,-2.79584
640921.00000,-2.67158,-1.77446,-2.78501
640925.00000,-2.65881,-1.76549,-2.77392
640929.00000,-2.64581,-1.75160,-2.76256
640933.00000,-2.63258,-1.70798,-2.75094
640937.00000,-2.61911,-1.70839,-2.73908
640941.00000,-2.60541,-1.64403,-2.72698
640945.00000,-2.59148,-1.68237,-2.71462
640949.00000,-2.57732,-1.63485,-2.70198
640953.00000,-2.56293,-1.62781,-2.68905
640957.00000,-2.54831,-1.61360,-2.67579
640961.00000,-2.53347,-1.56505,-2.66224
640965.00000,-2.51840,-1.56647,-2.64839
640969.00000,-2.50310,-1.54114,-2.63427
640973.00000,-2.48758,-1.50787,-2.61991
640977.00000,-2.47184,-1.48037,-2.60530
640981.00000,-2.45588,-1.45389,-2.59044
640985.00000,-2.43969,-1.46303,-2.57532
640989.00000,-2.42329,-1.46814,-2.55994
640993.00000,-2.40667,-1.43102,-2.54430
640997.00000,-2.38983,-1.39681,-2.52842
641001.00000,-2.37277,-1.19927,-2.51231
641005.00000,-2.35550,-1.19597,-2.49599
641009.00000,-2.33802,-1.12773,-2.47943
641013.00000,-2.32032,-1.14705,-2.46262
641017.00000,-2.30242,-1.09302,-2.44553
641021.00000,-2.28430,-1.10136,-2.42814
641025.00000,-2.26597,-1.08650,-2.41046
641029.00000,-2.24744,-1.06008,-2.39250
641033.00000,-2.22871,-1.00343,-2.37427
641037.00000,-2.20976,-1.01653,-2.35579
641041.00000,-2.19062,-0.93212,-2.33706
641045.00000,-2.17127,-0.96867,-2.31807
641049.00000,-2.15173,-0.91757,-2.29878
641053.00000,-2.13198,-0.92635,-2.27919
641057.00000,-2.11204,-0.86295,-2.25928
641061.00000,-2.09190,-0.83854,-2.23908
641065.00000,-2.07157,-0.81425,-2.21860
641069.00000,-2.05105,-0.78324,-2.19788
641073.00000,-2.03034,-0.77216,-2.17692
641077.00000,-2.00943,-0.73132,-2.15574
641081.00000,-1.98834,-0.69724,-2.13432
641085.00000,-1.96707,-0.69448,-2.11265
641089.00000,-1.94561,-0.70192,-2.09072
641093.00000,-1.92396,-0.65706,-2.06855
641097.00000,-1.90214,-0.64245,-2.04616
641101.00000,-1.88014,-0.60202,-2.02355
641105.00000,-1.85796,-0.59414,-2.00074
641109.00000,-1.83560,-0.53749,-1.97773
641113.00000,-1.81307,-0.55729,-1.95448
641117.00000,-1.79037,-0.50622,-1.93099
641121.00000,-1.76750,-0.49669,-1.90722
641125.00000,-1.74446,-0.47070,-1.88319
641129.00000,-1.72126,-0.41336,-1.85891
641133.00000,-1.69789,-0.37496,-1.83439
641137.00000,-1.67435,-0.38174,-1.80965
641141.00000,-1.65066,-0.33890,-1.78473
641145.00000,-1.62681,-0.29830,-1.75963
641149.00000,-1.60280,-0.27846,-1.73438
641153.00000,-1.57863,-0.27423,-1.70897
641157.00000,-1.55432,-0.22881,-1.68341
641161.00000,-1.52985,-0.19383,-1.65771
641165.00000,-1.50523,-0.17009,-1.63188
641169.00000,-1.48047,-0.14097,-1.60592
641173.00000,-1.45556,-0.11949,-1.57984
641177.00000,-1.43051,-0.07691,-1.55365
641181.00000,-1.40532,-0.08303,-1.52733
641185.00000,-1.37999,-0.05248,-1.50090
641189.00000,-1.35453,-0.05952,-1.47436
641193.00000,-1.32893,-0.01077,-1.44770
641197.00000,-1.30320,0.02881,-1.42095
641201.00000,-1.27734,0.16418,-1.39411
641205.00000,-1.25135,0.16829,-1.36720
641209.00000,-1.22524,0.25124,-1.34023
641213.00000,-1.19900,0.23289,-1.31320
641217.00000,-1.17264,0.32416,-1.28609
641221.00000,-1.14617,0.28444,-1.25892
641225.00000,-1.11958,0.31064,-1.23168
641229.00000,-1.09287,0.39747,-1.20440
641233.00000,-1.06606,0.42711,-1.17708
641237.00000,-1.03913,0.43091,-1.14972
641241.00000,-1.01210,0.43915,-1.12233
641245.00000,-0.98496,0.52097,-1.09488
641249.00000,-0.95772,0.50714,-1.06735
641253.00000,-0.93038,0.54834,-1.03971
641257.00000,-0.90295,0.60763,-1.01195
641261.00000,-0.87542,0.62253,-0.98406
641265.00000,-0.84779,0.65558,-0.95607
641269.00000,-0.82008,0.70070,-0.92800
641273.00000,-0.79228,0.71432,-0.89984
641277.00000,-0.76439,0.76651,-0.87161
641281.00000,-0.73643,0.75208,-0.84327
641285.00000,-0.70838,0.80514,-0.81483
641289.00000,-0.68025,0.78408,-0.78628
641293.00000,-0.65205,0.84256,-0.75761
641297.00000,-0.62378,0.93305,-0.72885
641301.00000,-0.59544,0.86610,-0.70001
641305.00000,-0.56703,0.92566,-0.67110
641309.00000,-0.53855,0.93792,-0.64213
641313.00000,-0.51001,0.92279,-0.61307
641317.00000,-0.48142,1.00190,-0.58389
641321.00000,-0.45276,0.98941,-0.55457
641325.00000,-0.42406,1.01401,-0.52512
641329.00000,-0.39530,1.04274,-0.49552
641333.00000,-0.36649,1.06646,-0.46580
641337.00000,-0.33763,1.17128,-0.43596
641341.00000,-0.30874,1.16275,-0.40601
641345.00000,-0.27980,1.18819,-0.37598
641349.00000,-0.25082,1.23466,-0.34586
641353.00000,-0.22181,1.29765,-0.31568
641357.00000,-0.19276,1.33527,-0.28543
641361.00000,-0.16368,1.32683,-0.25513
641365.00000,-0.13458,1.35879,-0.22481
641369.00000,-0.10545,1.40647,-0.19446
641373.00000,-0.07630,1.44393,-0.16408
641377.00000,-0.04713,1.44703,-0.13367
641381.00000,-0.01794,1.49863,-0.10321
641385.00000,0.01126,1.57510,-0.07272
641389.00000,0.04047,1.56663,-0.04222
641393.00000,0.06969,1.60146,-0.01168
641397.00000,0.09891,1.62217,0.01888
641401.00000,0.12814,1.52861,0.04948
641405.00000,0.15737,1.55853,0.08008
641409.00000,0.18659,1.53670,0.11070
641413.00000,0.21581,1.61530,0.14134
641417.00000,0.24502,1.56472,0.17199
641421.00000,0.27422,1.65178,0.20265
641425.00000,0.30340,1.65611,0.23329
641429.00000,0.33257,1.67511,0.26392
641433.00000,0.36172,1.65462,0.29454
641437.00000,0.39084,1.68170,0.32516
641441.00000,0.41994,1.71771,0.35575
641445.00000,0.44901,1.71764,0.38629
641449.00000,0.47805,1.75544,0.41675
641453.00000,0.50706,1.78840,0.44712
641457.00000,0.53603,1.76702,0.47740
641461.00000,0.56496,1.81580,0.50758
641465.00000,0.59385,1.86704,0.53767
641469.00000,0.62269,1.82040,0.56766
641473.00000,0.65148,1.82655,0.59758
641477.00000,0.68022,1.83459,0.62739
641481.00000,0.70891,1.85849,0.65708
641485.00000,0.73754,1.84881,0.68664
641489.00000,0.76611,1.90414,0.71605
641493.00000,0.79462,1.86953,0.74531
641497.00000,0.82307,1.90814,0.77444
641501.00000,0.85144,2.19301,0.80345
641505.00000,0.87975,2.23091,0.83235
641509.00000,0.90798,2.19907,0.86111
641513.00000,0.93613,2.25115,0.88971
641517.00000,0.96421,2.23083,0.91810
641521.00000,0.99220,2.28626,0.94624
641525.00000,1.02011,2.31352,0.97411
641529.00000,1.04792,2.34402,1.00170
641533.00000,1.07565,2.32391,1.02900
641537.00000,1.10329,2.31210,1.05604
641541.00000,1.13082,2.39584,1.08285
641545.00000,1.15826,2.36905,1.10949
641549.00000,1.18560,2.41437,1.13599
641553.00000,1.21283,2.45720,1.16236
641557.00000,1.23995,2.39424,1.18860
641561.00000,1.26696,2.46097,1.21472
641565.00000,1.29386,2.49600,1.24072
641569.00000,1.32064,2.45642,1.26658
641573.00000,1.34730,2.47490,1.29231
641577.00000,1.37384,2.44597,1.31791
641581.00000,1.40026,2.50451,1.34339
641585.00000,1.42654,2.48192,1.36877
641589.00000,1.45270,2.49226,1.39405
641593.00000,1.47873,2.51157,1.41919
641597.00000,1.50462,2.54374,1.44416
641601.00000,1.53037,2.67934,1.46897
641605.00000,1.55598,2.71588,1.49365
641609.00000,1.58144,2.69471,1.51821
641613.00000,1.60676,2.71645,1.54267
641617.00000,1.63193,2.70804,1.56705
641621.00000,1.65695,2.75318,1.59137
641625.00000,1.68181,2.78698,1.61565
641629.00000,1.70652,2.81620,1.63987
641633.00000,1.73106,2.81563,1.66400
641637.00000,1.75545,2.79254,1.68805
641641.00000,1.77966,2.87080,1.71202
641645.00000,1.80371,2.85409,1.73593
641649.00000,1.82759,2.87624,1.75979
641653.00000,1.85130,2.94277,1.78358
641657.00000,1.87483,2.86710,1.80729
641661.00000,1.89818,2.93492,1.83092
641665.00000,1.92135,2.96431,1.85448
641669.00000,1.94433,2.92045,1.87796
641673.00000,1.96714,2.95345,1.90134
641677.00000,1.98975,2.92558,1.92462
641681.00000,2.01217,2.97819,1.94780
641685.00000,2.03440,2.96747,1.97090
641689.00000,2.05643,2.95952,1.99388
641693.00000,2.07826,2.98339,2.01673
641697.00000,2.09989,3.01914,2.03944
641701.00000,2.12132,2.81305,2.06200
641705.00000,2.14254,2.82233,2.08445
641709.00000,2.16356,2.81819,2.10678
641713.00000,2.18436,2.83218,2.12899
641717.00000,2.20495,2.80988,2.15109
641721.00000,2.22533,2.84167,2.17309
641725.00000,2.24548,2.86537,2.19500
641729.00000,2.26542,2.87512,2.21681
641733.00000,2.28514,2.87056,2.23850
641737.00000,2.30463,2.84174,2.26005
641741.00000,2.32389,2.90406,2.28144
641745.00000,2.34293,2.91395,2.30261
641749.00000,2.36173,2.87597,2.32354
641753.00000,2.38030,2.93046,2.34418
641757.00000,2.39863,2.89531,2.36452
641761.00000,2.41673,2.91883,2.38456
641765.00000,2.43458,2.93933,2.40434
641769.00000,2.45220,2.92625,2.42385
641773.00000,2.46957,2.92338,2.44310
641777.00000,2.48669,2.92374,2.46205
641781.00000,2.50357,2.94812,2.48068
641785.00000,2.52019,2.95778,2.49898
641789.00000,2.53656,2.92312,2.51696
641793.00000,2.55268,2.93902,2.53459
641797.00000,2.56854,2.95773,2.55190
641801.00000,2.58414,2.85116,2.56889
641805.00000,2.59949,2.84169,2.58555
641809.00000,2.61457,2.85516,2.60187
641813.00000,2.62938,2.86963,2.61781
641817.00000,2.64393,2.85315,2.63334
641821.00000,2.65821,2.85967,2.64845
641825.00000,2.67223,2.87313,2.66314
641829.00000,2.68597,2.87573,2.67743
641833.00000,2.69944,2.85756,2.69132
641837.00000,2.71263,2.82772,2.70482
641841.00000,2.72555,2.87961,2.71793
641845.00000,2.73819,2.89194,2.73067
641849.00000,2.75055,2.82389,2.74301
641853.00000,2.76263,2.84777,2.75493
641857.00000,2.77442,2.85925,2.76646
641861.00000,2.78593,2.85030,2.77759
641865.00000,2.79715,2.85898,2.78835
641869.00000,2.80809,2.87732,2.79875
641873.00000,2.81874,2.84208,2.80879
641877.00000,2.82909,2.85575,2.81847
641881.00000,2.83916,2.86429,2.82779
641885.00000,2.84893,2.89034,2.83675
641889.00000,2.85841,2.85113,2.84536
641893.00000,2.86759,2.85921,2.85361
641897.00000,2.87647,2.86324,2.86153
641901.00000,2.88505,2.64793,2.86913
641905.00000,2.89334,2.63309,2.87641
641909.00000,2.90132,2.66126,2.88335
641913.00000,2.90900,2.64742,2.88996
641917.00000,2.91637,2.63625,2.89621
641921.00000,2.92345,2.60790,2.90211
641925.00000,2.93021,2.61394,2.90767
641929.00000,2.93667,2.59896,2.91291
641933.00000,2.94282,2.58986,2.91783
641937.00000,2.94866,2.56145,2.92242
641941.00000,2.95419,2.58319,2.92669
641945.00000,2.95941,2.58146,2.93059
641949.00000,2.96432,2.51505,2.93411
641953.00000,2.96892,2.51626,2.93722
641957.00000,2.97320,2.52294,2.93992
641961.00000,2.97717,2.50733,2.94224
641965.00000,2.98082,2.51067,2.94418
641969.00000,2.98416,2.51440,2.94576
641973.00000,2.98718,2.48061,2.94699
641977.00000,2.98988,2.47256,2.94786
641981.00000,2.99226,2.47818,2.94836
641985.00000,2.99433,2.50782,2.94848
641989.00000,2.99608,2.47824,2.94822
641993.00000,2.99750,2.46453,2.94760
641997.00000,2.99861,2.45108,2.94665
642001.00000,2.99939,2.35787,2.94538
642005.00000,2.99986,2.34493,2.94377
642009.00000,3.00000,2.35838,2.94183
642013.00000,2.99982,2.35167,2.93951
642017.00000,2.99932,2.32129,2.93681
642021.00000,2.99849,2.27787,2.93371
642025.00000,2.99734,2.26436,2.93020
642029.00000,2.99587,2.23655,2.92632
642033.00000,2.99407,2.22248,2.92208
642037.00000,2.99196,2.22251,2.91748
642041.00000,2.98951,2.20943,2.91253
642045.00000,2.98674,2.19516,2.90723
642049.00000,2.98365,2.15480,2.90157
642053.00000,2.98024,2.12305,2.89555
642057.00000,2.97650,2.12499,2.88918
642061.00000,2.97243,2.10385,2.88247
642065.00000,2.96805,2.09201,2.87544
642069.00000,2.96333,2.10029,2.86809
642073.00000,2.95830,2.04391,2.86042
642077.00000,2.95294,2.03260,2.85244
642081.00000,2.94726,2.02335,2.84415
642085.00000,2.94125,2.04962,2.83555
642089.00000,2.93492,2.01555,2.82666
642093.00000,2.92827,1.98548,2.81749
642097.00000,2.92130,1.97100,2.80805
642101.00000,2.91400,1.88137,2.79834
642105.00000,2.90638,1.87017,2.78838
642109.00000,2.89845,1.86082,2.77814
642113.00000,2.89019,1.86066,2.76763
642117.00000,2.88161,1.82202,2.75684
642121.00000,2.87271,1.77788,2.74578
642125.00000,2.86350,1.72353,2.73444
642129.00000,2.85396,1.69790,2.72285
642133.00000,2.84411,1.68035,2.71100
642137.00000,2.83394,1.69548,2.69888
642141.00000,2.82346,1.67020,2.68651
642145.00000,2.81266,1.62695,2.67386
642149.00000,2.80155,1.59804,2.66095
642153.00000,2.79012,1.54653,2.64776
642157.00000,2.77838,1.57772,2.63430
642161.00000,2.76633,1.52155,2.62058
642165.00000,2.75397,1.49034,2.60658
642169.00000,2.74130,1.49284,2.59232
642173.00000,2.72832,1.44531,2.57779
642177.00000,2.71503,1.43793,2.56299
642181.00000,2.70144,1.40715,2.54793
642185.00000,2.68754,1.41267,2.53260
642189.00000,2.67334,1.37413,2.51702
642193.00000,2.65883,1.35367,2.50121
642197.00000,2.64403,1.30300,2.48517
642201.00000,2.62892,1.22713,2.46891
642205.00000,2.61352,1.17363,2.45241
642209.00000,2.59781,1.15134,2.43566
642213.00000,2.58181,1.15236,2.41866
642217.00000,2.56552,1.11068,2.40141
642221.00000,2.54894,1.07055,2.38391
642225.00000,2.53206,0.99633,2.36616
642229.00000,2.51489,0.98099,2.34818
642233.00000,2.49744,0.96058,2.32995
642237.00000,2.47969,0.93818,2.31148
642241.00000,2.46167,0.94011,2.29274
642245.00000,2.44336,0.86454,2.27373
642249.00000,2.42477,0.86205,2.25442
642253.00000,2.40589,0.78513,2.23483
642257.00000,2.38674,0.85001,2.21497
642261.00000,2.36732,0.74131,2.19484
642265.00000,2.34762,0.73461,2.17444
642269.00000,2.32765,0.71860,2.15378
642273.00000,2.30740,0.66638,2.13285
642277.00000,2.28689,0.69335,2.11164
642281.00000,2.26612,0.61209,2.09014
642285.00000,2.24508,0.61409,2.06836
642289.00000,2.22377,0.57244,2.04630
642293.00000,2.20221,0.55574,2.02398
642297.00000,2.18039,0.50224,2.00144
642301.00000,2.15831,0.57463,1.97866
642305.00000,2.13598,0.49781,1.95566
642309.00000,2.11340,0.50148,1.93242
642313.00000,2.09057,0.52462,1.90894
642317.00000,2.06749,0.46594,1.88521
642321.00000,2.04417,0.43099,1.86124
642325.00000,2.02061,0.40105,1.83701
642329.00000,1.99680,0.35966,1.81253
642333.00000,1.97276,0.32596,1.78780
642337.00000,1.94849,0.29215,1.76283
642341.00000,1.92398,0.30764,1.73762
642345.00000,1.89925,0.25395,1.71217
642349.00000,1.87428,0.20994,1.68652
642353.00000,1.84910,0.22754,1.66068
642357.00000,1.82369,0.23095,1.63469
642361.00000,1.79806,0.15857,1.60856
642365.00000,1.77222,0.15114,1.58228
642369.00000,1.74616,0.11811,1.55588
642373.00000,1.71990,0.08703,1.52934
642377.00000,1.69342,0.09270,1.50267
642381.00000,1.66674,0.06824,1.47587
642385.00000,1.63986,0.02615,1.44897
642389.00000,1.61278,-0.01667,1.42197
642393.00000,1.58550,-0.05687,1.39489
642397.00000,1.55803,-0.09086,1.36775
642401.00000,1.53037,-0.14217,1.34054
642405.00000,1.50252,-0.18849,1.31326
642409.00000,1.47449,-0.20075,1.28592
642413.00000,1.44627,-0.19722,1.25851
642417.00000,1.41788,-0.21989,1.23104
642421.00000,1.38931,-0.24084,1.20355
642425.00000,1.36057,-0.29123,1.17604
642429.00000,1.33166,-0.31953,1.14853
642433.00000,1.30258,-0.38237,1.12102
642437.00000,1.27335,-0.37422,1.09351
642441.00000,1.24395,-0.43902,1.06596
642445.00000,1.21440,-0.40828,1.03837
642449.00000,1.18469,-0.49059,1.01073
642453.00000,1.15484,-0.46696,0.98303
642457.00000,1.12484,-0.52192,0.95531
642461.00000,1.09469,-0.55378,0.92757
642465.00000,1.06441,-0.56002,0.89982
642469.00000,1.03399,-0.59048,0.87207
642473.00000,1.00344,-0.64464,0.84432
642477.00000,0.97276,-0.63974,0.81657
642481.00000,0.94195,-0.68870,0.78880
642485.00000,0.91103,-0.74096,0.76102
642489.00000,0.87998,-0.76202,0.73323
642493.00000,0.84882,-0.81524,0.70543
642497.00000,0.81754,-0.82989,0.67763
642501.00000,0.78616,-0.93519,0.64983
642505.00000,0.75468,-0.92499,0.62200
642509.00000,0.72309,-0.96342,0.59414
642513.00000,0.69141,-1.02167,0.56625
642517.00000,0.65963,-1.05079,0.53833
642521.00000,0.62777,-1.04766,0.51038
642525.00000,0.59581,-1.09941,0.48240
642529.00000,0.56378,-1.11203,0.45439
642533.00000,0.53167,-1.14533,0.42634
642537.00000,0.49948,-1.12775,0.39824
642541.00000,0.46722,-1.19538,0.37009
642545.00000,0.43489,-1.25779,0.34190
642549.00000,0.40250,-1.24316,0.31367
642553.00000,0.37005,-1.27399,0.28537
642557.00000,0.33754,-1.32894,0.25701
642561.00000,0.30499,-1.34724,0.22857
642565.00000,0.27238,-1.39091,0.20006
642569.00000,0.23973,-1.44213,0.17146
642573.00000,0.20704,-1.45282,0.14280
642577.00000,0.17431,-1.46762,0.11409
642581.00000,0.14155,-1.56067,0.08535
642585.00000,0.10875,-1.58468,0.05656
642589.00000,0.07594,-1.61584,0.02772
642593.00000,0.04310,-1.67176,-0.00119
642597.00000,0.01025,-1.69784,-0.03017
642601.00000,-0.02262,-1.61387,-0.05923
642605.00000,-0.05550,-1.65850,-0.08837
642609.00000,-0.08838,-1.68021,-0.11759
642613.00000,-0.12126,-1.68785,-0.14689
642617.00000,-0.15414,-1.65673,-0.17626
642621.00000,-0.18702,-1.70159,-0.20572
642625.00000,-0.21988,-1.70090,-0.23529
642629.00000,-0.25273,-1.76468,-0.26498
642633.00000,-0.28556,-1.75434,-0.29478
642637.00000,-0.31837,-1.74165,-0.32469
642641.00000,-0.35115,-1.70889,-0.35469
642645.00000,-0.38390,-1.78098,-0.38477
642649.00000,-0.41662,-1.79918,-0.41488
642653.00000,-0.44930,-1.78729,-0.44500
642657.00000,-0.48194,-1.80429,-0.47511
642661.00000,-0.51452,-1.80070,-0.50520
642665.00000,-0.54706,-1.82419,-0.53526
642669.00000,-0.57955,-1.76117,-0.56529
642673.00000,-0.61197,-1.76856,-0.59529
642677.00000,-0.64434,-1.77726,-0.62526
642681.00000,-0.67663,-1.76494,-0.65517
642685.00000,-0.70886,-1.75157,-0.68502
642689.00000,-0.74101,-1.78485,-0.71477
642693.00000,-0.77308,-1.76211,-0.74443
642697.00000,-0.80507,-1.75158,-0.77398
642701.00000,-0.83697,-2.24728,-0.80343
642705.00000,-0.86879,-2.27304,-0.83276
642709.00000,-0.90050,-2.30959,-0.86197
642713.00000,-0.93212,-2.32640,-0.89103
642717.00000,-0.96364,-2.37952,-0.91988
642721.00000,-0.99505,-2.38897,-0.94848
642725.00000,-1.02634,-2.38059,-0.97679
642729.00000,-1.05753,-2.37975,-1.00480
642733.00000,-1.08859,-2.43540,-1.03248
642737.00000,-1.11953,-2.42077,-1.05987
642741.00000,-1.15035,-2.40056,-1.08704
642745.00000,-1.18103,-2.45642,-1.11409
642749.00000,-1.21158,-2.50139,-1.14104
642753.00000,-1.24200,-2.46237,-1.16792
642757.00000,-1.27227,-2.49504,-1.19473
642761.00000,-1.30239,-2.52164,-1.22147
642765.00000,-1.33236,-2.52855,-1.24809
642769.00000,-1.36218,-2.54904,-1.27456
642773.00000,-1.39184,-2.51887,-1.30089
642777.00000,-1.42134,-2.56679,-1.32711
642781.00000,-1.45068,-2.62137,-1.35324
642785.00000,-1.47984,-2.56324,-1.37928
642789.00000,-1.50883,-2.67176,-1.40518
642793.00000,-1.53765,-2.65147,-1.43090
642797.00000,-1.56628,-2.69163,-1.45643
642801.00000,-1.59473,-2.75949,-1.48179
642805.00000,-1.62299,-2.79373,-1.50698
642809.00000,-1.65106,-2.78601,-1.53206
642813.00000,-1.67893,-2.82089,-1.55710
642817.00000,-1.70660,-2.89888,-1.58216
642821.00000,-1.73407,-2.86053,-1.60727
642825.00000,-1.76133,-2.83936,-1.63242
642829.00000,-1.78839,-2.85595,-1.65759
642833.00000,-1.81523,-2.91255,-1.68278
642837.00000,-1.84185,-2.88566,-1.70797
642841.00000,-1.86825,-2.89520,-1.73315
642845.00000,-1.89442,-2.93927,-1.75834
642849.00000,-1.92037,-2.97659,-1.78351
642853.00000,-1.94608,-2.93891,-1.80867
642857.00000,-1.97156,-2.97815,-1.83381
642861.00000,-1.99680,-3.01613,-1.85891
642865.00000,-2.02180,-2.95681,-1.88395
642869.00000,-2.04655,-3.01622,-1.90890
642873.00000,-2.07105,-2.93861,-1.93374
642877.00000,-2.09530,-3.01413,-1.95849
642881.00000,-2.11929,-3.05881,-1.98312
642885.00000,-2.14303,-3.02633,-2.00763
642889.00000,-2.16650,-3.07144,-2.03202
642893.00000,-2.18971,-3.03848,-2.05631
642897.00000,-2.21265,-3.10781,-2.08049
642901.00000,-2.23531,-2.90782,-2.10453
642905.00000,-2.25770,-2.95376,-2.12843
642909.00000,-2.27981,-2.94341,-2.15218
642913.00000,-2.30164,-2.93836,-2.17580
642917.00000,-2.32319,-3.04676,-2.19930
642921.00000,-2.34445,-2.98065,-2.22270
642925.00000,-2.36541,-2.88379,-2.24599
642929.00000,-2.38609,-2.96509,-2.26917
642933.00000,-2.40646,-3.00121,-2.29224
642937.00000,-2.42654,-2.98939,-2.31518
642941.00000,-2.44631,-2.94223,-2.33793
642945.00000,-2.46578,-2.99541,-2.36045
642949.00000,-2.48494,-2.98557,-2.38273
642953.00000,-2.50379,-2.97534,-2.40473
642957.00000,-2.52233,-3.00930,-2.42647
642961.00000,-2.54055,-3.00544,-2.44791
642965.00000,-2.55845,-2.96817,-2.46904
642969.00000,-2.57603,-3.04548,-2.48986
642973.00000,-2.59328,-2.90127,-2.51036
642977.00000,-2.61021,-2.99375,-2.53055
642981.00000,-2.62681,-3.05015,-2.55039
642985.00000,-2.64308,-2.97808,-2.56986
642989.00000,-2.65901,-2.95273,-2.58898
642993.00000,-2.67460,-2.93012,-2.60775
642997.00000,-2.68986,-3.00550,-2.62619
643001.00000,-2.70477,-2.87323,-2.64427
643005.00000,-2.71934,-2.89450,-2.66199
643009.00000,-2.73357,-2.90058,-2.67931
643013.00000,-2.74744,-2.87024,-2.69625
643017.00000,-2.76097,-2.97224,-2.71277
643021.00000,-2.77414,-2.91024,-2.72886
643025.00000,-2.78696,-2.81423,-2.74449
643029.00000,-2.79942,-2.85247,-2.75968
643033.00000,-2.81152,-2.90081,-2.77442
643037.00000,-2.82327,-2.87436,-2.78872
643041.00000,-2.83465,-2.82862,-2.80255
643045.00000,-2.84566,-2.87798,-2.81592
643049.00000,-2.85631,-2.83057,-2.82881
643053.00000,-2.86659,-2.80743,-2.84123
643057.00000,-2.87650,-2.84693,-2.85322
643061.00000,-2.88604,-2.82819,-2.86477
643065.00000,-2.89521,-2.82582,-2.87587
643069.00000,-2.90400,-2.85858,-2.88652
643073.00000,-2.91242,-2.73704,-2.89671
643077.00000,-2.92045,-2.81272,-2.90645
643081.00000,-2.92811,-2.83154,-2.91573
643085.00000,-2.93539,-2.77162,-2.92454
643089.00000,-2.94229,-2.75500,-2.93289
643093.00000,-2.94880,-2.73614,-2.94082
643097.00000,-2.95493,-2.77280,-2.94834
643101.00000,-2.96067,-2.63914,-2.95543
643105.00000,-2.96602,-2.63982,-2.96209
643109.00000,-2.97099,-2.65050,-2.96830
643113.00000,-2.97557,-2.61372,-2.97409
643117.00000,-2.97976,-2.67100,-2.97948
643121.00000,-2.98356,-2.61418,-2.98444
643125.00000,-2.98696,-2.55158,-2.98898
643129.00000,-2.98997,-2.55465,-2.99308
643133.00000,-2.99259,-2.58807,-2.99675
643137.00000,-2.99482,-2.55106,-2.99999
643141.00000,-2.99664,-2.51317,-3.00278
643145.00000,-2.99808,-2.55216,-3.00512
643149.00000,-2.99912,-2.50200,-3.00701
643153.00000,-2.99976,-2.46705,-3.00847
643157.00000,-3.00000,-2.50548,-3.00951
643161.00000,-2.99984,-2.46633,-3.01012
643165.00000,-2.99929,-2.49636,-3.01030
643169.00000,-2.99834,-2.47990,-3.01005
643173.00000,-2.99699,-2.39255,-3.00938
643177.00000,-2.99523,-2.43162,-3.00831
643181.00000,-2.99309,-2.41438,-3.00684
643185.00000,-2.99054,-2.39649,-3.00495
643189.00000,-2.98759,-2.40113,-3.00265
643193.00000,-2.98424,-2.36474,-2.99997
643197.00000,-2.98049,-2.35496,-2.99691
643201.00000,-2.97634,-2.19452,-2.99348
643205.00000,-2.97180,-2.17337,-2.98966
643209.00000,-2.96685,-2.17101,-2.98547
643213.00000,-2.96151,-2.14277,-2.98091
643217.00000,-2.95576,-2.14436,-2.97597
643221.00000,-2.94962,-2.09551,-2.97066
643225.00000,-2.94308,-2.08241,-2.96496
643229.00000,-2.93615,-2.05749,-2.95888
643233.00000,-2.92881,-2.05218,-2.95243
643237.00000,-2.92108,-2.02093,-2.94561
643241.00000,-2.91296,-1.97131,-2.93842
643245.00000,-2.90444,-2.00547,-2.93083
643249.00000,-2.89552,-1.95753,-2.92284
643253.00000,-2.88622,-1.93050,-2.91444
643257.00000,-2.87652,-1.94837,-2.90563
643261.00000,-2.86642,-1.89610,-2.89642
643265.00000,-2.85594,-1.91912,-2.88682
643269.00000,-2.84507,-1.87188,-2.87685
643273.00000,-2.83381,-1.81439,-2.86653
643277.00000,-2.82216,-1.81433,-2.85586
643281.00000,-2.81013,-1.79056,-2.84483
643285.00000,-2.79771,-1.79254,-2.83345
643289.00000,-2.78490,-1.80014,-2.82171
643293.00000,-2.77172,-1.74985,-2.80961
643297.00000,-2.75815,-1.71222,-2.79718
643301.00000,-2.74420,-1.51612,-2.78443
643305.00000,-2.72988,-1.49063,-2.77136
643309.00000,-2.71518,-1.45379,-2.75796
643313.00000,-2.70010,-1.43641,-2.74422
643317.00000,-2.68465,-1.39908,-2.73013
643321.00000,-2.66883,-1.37370,-2.71567
643325.00000,-2.65264,-1.37137,-2.70083
643329.00000,-2.63608,-1.34517,-2.68565
643333.00000,-2.61916,-1.29995,-2.67012
643337.00000,-2.60187,-1.28788,-2.65426
643341.00000,-2.58422,-1.21082,-2.63806
643345.00000,-2.56621,-1.25230,-2.62151
643349.00000,-2.54784,-1.19068,-2.60457
643353.00000,-2.52912,-1.17637,-2.58723
643357.00000,-2.51004,-1.15391,-2.56948
643361.00000,-2.49061,-1.09276,-2.55133
643365.00000,-2.47083,-1.08534,-2.53281
643369.00000,-2.45071,-1.05116,-2.51394
643373.00000,-2.43024,-1.01905,-2.49475
643377.00000,-2.40943,-0.98562,-2.47523
643381.00000,-2.38828,-0.94347,-2.45538
643385.00000,-2.36680,-0.94825,-2.43517
643389.00000,-2.34498,-0.93990,-2.41463
643393.00000,-2.32283,-0.89293,-2.39375
643397.00000,-2.30035,-0.84768,-2.37255
643401.00000,-2.27754,-0.70944,-2.35105
643405.00000,-2.25441,-0.68228,-2.32925
643409.00000,-2.23096,-0.63102,-2.30714
643413.00000,-2.20720,-0.64532,-2.28470
643417.00000,-2.18312,-0.58491,-2.26188
643421.00000,-2.15873,-0.57561,-2.23869
643425.00000,-2.13403,-0.55908,-2.21512
643429.00000,-2.10903,-0.49553,-2.19118
643433.00000,-2.08372,-0.45383,-2.16688
643437.00000,-2.05812,-0.45171,-2.14225
643441.00000,-2.03222,-0.38213,-2.11729
643445.00000,-2.00603,-0.37899,-2.09199
643449.00000,-1.97955,-0.32422,-2.06636
643453.00000,-1.95278,-0.32581,-2.04039
643457.00000,-1.92574,-0.25950,-2.01408
643461.00000,-1.89841,-0.22345,-1.98744
643465.00000,-1.87081,-0.20288,-1.96051
643469.00000,-1.84294,-0.15653,-1.93330
643473.00000,-1.81480,-0.13738,-1.90581
643477.00000,-1.78640,-0.09529,-1.87805
643481.00000,-1.75774,-0.07007,-1.85001
643485.00000,-1.72882,-0.04511,-1.82169
643489.00000,-1.69965,-0.03819,-1.79309
643493.00000,-1.67023,0.01800,-1.76421
643497.00000,-1.64057,0.04616,-1.73507
643501.00000,-1.61066,0.17909,-1.70569
643505.00000,-1.58052,0.17749,-1.67607
643509.00000,-1.55015,0.26191,-1.64621
643513.00000,-1.51954,0.25535,-1.61610
643517.00000,-1.48871,0.34266,-1.58573
643521.00000,-1.45767,0.32379,-1.55509
643525.00000,-1.42640,0.36271,-1.52421
643529.00000,-1.39492,0.45404,-1.49308
643533.00000,-1.36324,0.47474,-1.46173
643537.00000,-1.33135,0.47922,-1.43017
643541.00000,-1.29926,0.50544,-1.39841
643545.00000,-1.26698,0.58996,-1.36645
643549.00000,-1.23451,0.57348,-1.33428
643553.00000,-1.20185,0.62673,-1.30188
643557.00000,-1.16901,0.69340,-1.26925
643561.00000,-1.13599,0.71440,-1.23640
643565.00000,-1.10280,0.73582,-1.20334
643569.00000,-1.06944,0.79822,-1.17008
643573.00000,-1.03592,0.81274,-1.13664
643577.00000,-1.00223,0.86056,-1.10301
643581.00000,-0.96840,0.83123,-1.06920
643585.00000,-0.93441,0.89629,-1.03521
643589.00000,-0.90028,0.91869,-1.00103
643593.00000,-0.86601,0.96064,-0.96667
643597.00000,-0.83161,1.04681,-0.93214
643601.00000,-0.79707,1.09795,-0.89747
643605.00000,-0.76241,1.14428,-0.86266
643609.00000,-0.72763,1.19068,-0.82772
643613.00000,-0.69273,1.15891,-0.79265
643617.00000,-0.65772,1.26104,-0.75741
643621.00000,-0.62260,1.22722,-0.72201
643625.00000,-0.58739,1.28419,-0.68645
643629.00000,-0.55207,1.31419,-0.65074
643633.00000,-0.51667,1.31974,-0.61488
643637.00000,-0.48118,1.44944,-0.57887
643641.00000,-0.44561,1.44678,-0.54273
643645.00000,-0.40996,1.47609,-0.50645
643649.00000,-0.37424,1.53143,-0.47003
643653.00000,-0.33846,1.59024,-0.43349
643657.00000,-0.30261,1.62438,-0.39681
643661.00000,-0.26671,1.63643,-0.36001
643665.00000,-0.23076,1.67016,-0.32313
643669.00000,-0.19476,1.71948,-0.28616
643673.00000,-0.15872,1.76692,-0.24910
643677.00000,-0.12265,1.74830,-0.21196
643681.00000,-0.08655,1.81565,-0.17471
643685.00000,-0.05042,1.90595,-0.13739
643689.00000,-0.01427,1.88128,-0.09999
643693.00000,0.02189,1.94914,-0.06252
643697.00000,0.05806,1.96331,-0.02498
643701.00000,0.09423,1.79204,0.01262
643705.00000,0.13040,1.82371,0.05025
643709.00000,0.16657,1.79862,0.08793
643713.00000,0.20272,1.88474,0.12567
643717.00000,0.23886,1.83520,0.16347
643721.00000,0.27497,1.92065,0.20133
643725.00000,0.31105,1.91523,0.23923
643729.00000,0.34710,1.94338,0.27719
643733.00000,0.38311,1.91508,0.31521
643737.00000,0.41908,1.94819,0.35327
643741.00000,0.45500,1.96979,0.39135
643745.00000,0.49086,1.97028,0.42939
643749.00000,0.52667,2.01053,0.46734
643753.00000,0.56240,2.03016,0.50517
643757.00000,0.59807,2.02387,0.54286
643761.00000,0.63366,2.06873,0.58039
643765.00000,0.66917,2.09839,0.61776
643769.00000,0.70460,2.05739,0.65499
643773.00000,0.73993,2.06793,0.69207
643777.00000,0.77516,2.07234,0.72897
643781.00000,0.81029,2.07784,0.76566
643785.00000,0.84532,2.07140,0.80210
643789.00000,0.88023,2.12745,0.83829
643793.00000,0.91502,2.09257,0.87423
643797.00000,0.94969,2.11803,0.90992
643801.00000,0.98423,2.46374,0.94538
643805.00000,1.01863,2.50353,0.98060
643809.00000,1.05290,2.47057,1.01556
643813.00000,1.08702,2.52088,1.05021
643817.00000,1.12099,2.50264,1.08449
643821.00000,1.15480,2.55194,1.11836
643825.00000,1.18846,2.58085,1.15177
643829.00000,1.22195,2.61029,1.18472
643833.00000,1.25527,2.59460,1.21719
643837.00000,1.28841,2.57822,1.24921
643841.00000,1.32137,2.66029,1.28082
643845.00000,1.35415,2.62947,1.31208
643849.00000,1.38674,2.68138,1.34304
643853.00000,1.41913,2.71388,1.37373
643857.00000,1.45131,2.65245,1.40415
643861.00000,1.48330,2.71854,1.43430
643865.00000,1.51507,2.74170,1.46419
643869.00000,1.54662,2.70267,1.49380
643873.00000,1.57796,2.72459,1.52311
643877.00000,1.60906,2.68812,1.55213
643881.00000,1.63994,2.74018,1.58090
643885.00000,1.67058,2.71222,1.60943
643889.00000,1.70098,2.72421,1.63773
643893.00000,1.73114,2.74712,1.66575
643897.00000,1.76104,2.76737,1.69348
643901.00000,1.79069,2.83414,1.72090
643905.00000,1.82008,2.86497,1.74805
643909.00000,1.84921,2.83819,1.77495
643913.00000,1.87806,2.85635,1.80162
643917.00000,1.90665,2.84124,1.82810
643921.00000,1.93495,2.87938,1.85441
643925.00000,1.96297,2.90645,1.88058
643929.00000,1.99071,2.92822,1.90659
643933.00000,2.01815,2.92970,1.93242
643937.00000,2.04530,2.90397,1.95806
643941.00000,2.07214,2.96441,1.98351
643945.00000,2.09869,2.94555,2.00878
643949.00000,2.12492,2.96282,2.03386
643953.00000,2.15084,3.01789,2.05873
643957.00000,2.17644,2.93896,2.08337
643961.00000,2.20171,3.00089,2.10776
643965.00000,2.22666,3.01390,2.13191
643969.00000,2.25129,2.96887,2.15583
643973.00000,2.27557,2.99898,2.17949
643977.00000,2.29952,2.96754,2.20291
643981.00000,2.32313,3.00550,2.22608
643985.00000,2.34639,2.99705,2.24899
643989.00000,2.36930,2.98757,2.27163
643993.00000,2.39185,3.00285,2.29398
643997.00000,2.41405,3.02460,2.31601
644001.00000,2.43588,2.77720,2.33775
644005.00000,2.45735,2.77043,2.35919
644009.00000,2.47845,2.76290,2.38037
644013.00000,2.49918,2.77481,2.40127
644017.00000,2.51954,2.74584,2.42189
644021.00000,2.53951,2.76148,2.44222
644025.00000,2.55910,2.77179,2.46227
644029.00000,2.57830,2.76726,2.48204
644033.00000,2.59711,2.75137,2.50150
644037.00000,2.61553,2.71508,2.52066
644041.00000,2.63356,2.76357,2.53949
644045.00000,2.65118,2.77530,2.55797
644049.00000,2.66840,2.70696,2.57604
644053.00000,2.68522,2.74439,2.59366
644057.00000,2.70162,2.72687,2.61080
644061.00000,2.71762,2.73019,2.62746
644065.00000,2.73320,2.73369,2.64366
644069.00000,2.74836,2.72915,2.65940
644073.00000,2.76311,2.69806,2.67471
644077.00000,2.77743,2.70478,2.68956
644081.00000,2.79132,2.71567,2.70394
644085.00000,2.80479,2.72842,2.71782
644089.00000,2.81783,2.67401,2.73119
644093.00000,2.83043,2.67572,2.74405
644097.00000,2.84260,2.68547,2.75643
644101.00000,2.85433,2.52068,2.76833
644105.00000,2.86562,2.49967,2.77975
644109.00000,2.87647,2.51491,2.79069
644113.00000,2.88688,2.50738,2.80110
644117.00000,2.89684,2.48620,2.81095
644121.00000,2.90635,2.46402,2.82022
644125.00000,2.91541,2.46170,2.82891
644129.00000,2.92402,2.44347,2.83702
644133.00000,2.93217,2.41880,2.84458
644137.00000,2.93987,2.38164,2.85157
644141.00000,2.94712,2.41611,2.85800
644145.00000,2.95390,2.40480,2.86387
644149.00000,2.96022,2.32776,2.86915
644153.00000,2.96609,2.33190,2.87384
644157.00000,2.97148,2.33697,2.87795
644161.00000,2.97642,2.31438,2.88151
644165.00000,2.98089,2.31622,2.88451
644169.00000,2.98489,2.31549,2.88699
644173.00000,2.98843,2.27360,2.88895
644177.00000,2.99149,2.26656,2.89038
644181.00000,2.99409,2.26915,2.89127
644185.00000,2.99622,2.29081,2.89162
644189.00000,2.99787,2.25838,2.89145
644193.00000,2.99905,2.24256,2.89076
644197.00000,2.99976,2.22873,2.88958
644201.00000,3.00000,2.03316,2.88792
644205.00000,2.99976,2.01545,2.88578
644209.00000,2.99905,2.01320,2.88315
644213.00000,2.99787,2.00896,2.88002
644217.00000,2.99621,1.96571,2.87636
644221.00000,2.99407,1.91593,2.87218
644225.00000,2.99146,1.88308,2.86750
644229.00000,2.98837,1.84757,2.86234
644233.00000,2.98481,1.82445,2.85670
644237.00000,2.98078,1.82217,2.85060
644241.00000,2.97627,1.81004,2.84403
644245.00000,2.97128,1.77524,2.83698
644249.00000,2.96582,1.73234,2.82942
644253.00000,2.95989,1.69212,2.82134
644257.00000,2.95349,1.68929,2.81274
644261.00000,2.94661,1.65671,2.80364
644265.00000,2.93926,1.63584,2.79406
644269.00000,2.93143,1.64214,2.78400
644273.00000,2.92314,1.57456,2.77347
644277.00000,2.91438,1.55223,2.76248
644281.00000,2.90515,1.54113,2.75101
644285.00000,2.89545,1.55764,2.73907
644289.00000,2.88528,1.52175,2.72666
644293.00000,2.87465,1.48202,2.71381
644297.00000,2.86356,1.46007,2.70055
644301.00000,2.85200,1.33864,2.68687
644305.00000,2.83998,1.30815,2.67279
644309.00000,2.82751,1.26751,2.65828
644313.00000,2.81457,1.26397,2.64335
644317.00000,2.80117,1.21747,2.62797
644321.00000,2.78733,1.16341,2.61213
644325.00000,2.77303,1.08076,2.59584
644329.00000,2.75827,1.05233,2.57911
644333.00000,2.74307,1.02265,2.56194
644337.00000,2.72742,1.03587,2.54434
644341.00000,2.71133,1.01632,2.52630
644345.00000,2.69479,0.93614,2.50783
644349.00000,2.67781,0.92062,2.48892
644353.00000,2.66040,0.84108,2.46957
644357.00000,2.64254,0.89390,2.44979
644361.00000,2.62426,0.79391,2.42957
644365.00000,2.60554,0.75918,2.40892
644369.00000,2.58640,0.75979,2.38785
644373.00000,2.56682,0.70082,2.36635
644377.00000,2.54683,0.69139,2.34444
644381.00000,2.52642,0.62624,2.32213
644385.00000,2.50559,0.63654,2.29940
644389.00000,2.48434,0.58799,2.27628
644393.00000,2.46269,0.56950,2.25277
644397.00000,2.44062,0.49104,2.22890
644401.00000,2.41816,0.52071,2.20466
644405.00000,2.39529,0.44547,2.18007
644409.00000,2.37202,0.42604,2.15511
644413.00000,2.34836,0.44659,2.12978
644417.00000,2.32431,0.37823,2.10409
644421.00000,2.29987,0.33438,2.07803
644425.00000,2.27504,0.29177,2.05159
644429.00000,2.24984,0.24576,2.02477
644433.00000,2.22426,0.20475,1.99758
644437.00000,2.19831,0.16593,1.97003
644441.00000,2.17198,0.17600,1.94212
644445.00000,2.14530,0.10391,1.91385
644449.00000,2.11825,0.06706,1.88524
644453.00000,2.09085,0.06519,1.85630
644457.00000,2.06309,0.06636,1.82707
644461.00000,2.03499,-0.01737,1.79756
644465.00000,2.00654,-0.03804,1.76778
644469.00000,1.97776,-0.07562,1.73771
644473.00000,1.94864,-0.11129,1.70738
644477.00000,1.91918,-0.11019,1.67677
644481.00000,1.88941,-0.14884,1.64589
644485.00000,1.85931,-0.19155,1.61474
644489.00000,1.82889,-0.23259,1.58336
644493.00000,1.79816,-0.27908,1.55176
644497.00000,1.76713,-0.32149,1.51998
644501.00000,1.73579,-0.26767,1.48801
644505.00000,1.70416,-0.31295,1.45585
644509.00000,1.67223,-0.32698,1.42351
644513.00000,1.64002,-0.33498,1.39098
644517.00000,1.60753,-0.36401,1.35827
644521.00000,1.57475,-0.39298,1.32541
644525.00000,1.54171,-0.43770,1.29242
644529.00000,1.50840,-0.48562,1.25930
644533.00000,1.47483,-0.54875,1.22605
644537.00000,1.44100,-0.54421,1.19269
644541.00000,1.40692,-0.61294,1.15919
644545.00000,1.37260,-0.58363,1.12558
644549.00000,1.33803,-0.68367,1.09185
644553.00000,1.30324,-0.64610,1.05805
644557.00000,1.26821,-0.72268,1.02419
644561.00000,1.23296,-0.74314,0.99030
644565.00000,1.19750,-0.75298,0.95640
644569.00000,1.16182,-0.79722,0.92247
644573.00000,1.12594,-0.85098,0.88850
644577.00000,1.08986,-0.86367,0.85451
644581.00000,1.05358,-0.90049,0.82049
644585.00000,1.01712,-0.95304,0.78647
644589.00000,0.98047,-0.98389,0.75246
644593.00000,0.94365,-1.04427,0.71847
644597.00000,0.90666,-1.06106,0.68449
644601.00000,0.86950,-1.20357,0.65052
644605.00000,0.83219,-1.19921,0.61655
644609.00000,0.79472,-1.24212,0.58258
644613.00000,0.75711,-1.30709,0.54860
644617.00000,0.71936,-1.34017,0.51464
644621.00000,0.68148,-1.34025,0.48073
644625.00000,0.64347,-1.38734,0.44688
644629.00000,0.60534,-1.40612,0.41310
644633.00000,0.56710,-1.44096,0.37937
644637.00000,0.52874,-1.43495,0.34568
644641.00000,0.49029,-1.49769,0.31202
644645.00000,0.45174,-1.55787,0.27836
644649.00000,0.41311,-1.54725,0.24470
644653.00000,0.37439,-1.61121,0.21102
644657.00000,0.33560,-1.64555,0.17731
644661.00000,0.29673,-1.69351,0.14358
644665.00000,0.25781,-1.72142,0.10982
644669.00000,0.21883,-1.75867,0.07603
644673.00000,0.17980,-1.78606,0.04223
644677.00000,0.14073,-1.78904,0.00841
644681.00000,0.10162,-1.89147,-0.02543
644685.00000,0.06248,-1.89064,-0.05928
644689.00000,0.02332,-1.93969,-0.09317
644693.00000,-0.01586,-2.00721,-0.12710
644697.00000,-0.05504,-2.01584,-0.16107
644701.00000,-0.09423,-1.90711,-0.19509
644705.00000,-0.13342,-1.95648,-0.22915
644709.00000,-0.17259,-1.97081,-0.26326
644713.00000,-0.21175,-1.96874,-0.29740
644717.00000,-0.25088,-1.95329,-0.33160
644721.00000,-0.28998,-2.00120,-0.36585
644725.00000,-0.32904,-1.98134,-0.40018
644729.00000,-0.36806,-2.04013,-0.43459
644733.00000,-0.40703,-2.02278,-0.46909
644737.00000,-0.44594,-2.01319,-0.50365
644741.00000,-0.48479,-1.97761,-0.53827
644745.00000,-0.52356,-2.04374,-0.57292
644749.00000,-0.56226,-2.05198,-0.60754
644753.00000,-0.60087,-2.03387,-0.64212
644757.00000,-0.63939,-2.05371,-0.67662
644761.00000,-0.67781,-2.04244,-0.71104
644765.00000,-0.71612,-2.07072,-0.74536
644769.00000,-0.75433,-2.01830,-0.77958
644773.00000,-0.79241,-2.00056,-0.81370
644777.00000,-0.83037,-2.00371,-0.84770
644781.00000,-0.86820,-1.98394,-0.88157
644785.00000,-0.90589,-1.97241,-0.91526
644789.00000,-0.94344,-1.98612,-0.94877
644793.00000,-0.98083,-1.97949,-0.98207
644797.00000,-1.01806,-1.97282,-1.01516
644801.00000,-1.05513,-2.50218,-1.04802
644805.00000,-1.09203,-2.54495,-1.08065
644809.00000,-1.12875,-2.55555,-1.11303
644813.00000,-1.16528,-2.58503,-1.14513
644817.00000,-1.20163,-2.62063,-1.17688
644821.00000,-1.23777,-2.64409,-1.20825
644825.00000,-1.27371,-2.62998,-1.23919
644829.00000,-1.30944,-2.62770,-1.26967
644833.00000,-1.34496,-2.66712,-1.29968
644837.00000,-1.38024,-2.66683,-1.32920
644841.00000,-1.41530,-2.66279,-1.35829
644845.00000,-1.45013,-2.70234,-1.38704
644849.00000,-1.48471,-2.74790,-1.41553
644853.00000,-1.51904,-2.71981,-1.44381
644857.00000,-1.55311,-2.73503,-1.47192
644861.00000,-1.58693,-2.75546,-1.49985
644865.00000,-1.62048,-2.76461,-1.52760
644869.00000,-1.65375,-2.79352,-1.55511
644873.00000,-1.68674,-2.75275,-1.58235
644877.00000,-1.71945,-2.79789,-1.60932
644881.00000,-1.75187,-2.85553,-1.63605
644885.00000,-1.78399,-2.79475,-1.66259
644889.00000,-1.81580,-2.90218,-1.68893
644893.00000,-1.84731,-2.88431,-1.71504
644897.00000,-1.87850,-2.91421,-1.74088
644901.00000,-1.90937,-2.86895,-1.76643
644905.00000,-1.93991,-2.90032,-1.79170
644909.00000,-1.97012,-2.87080,-1.81672
644913.00000,-1.99999,-2.89902,-1.84156
644917.00000,-2.02951,-2.96701,-1.86629
644921.00000,-2.05869,-2.92556,-1.89100
644925.00000,-2.08752,-2.89715,-1.91573
644929.00000,-2.11598,-2.89538,-1.94047
644933.00000,-2.14407,-2.94711,-1.96520
644937.00000,-2.17180,-2.92123,-1.98991
644941.00000,-2.19915,-2.92308,-2.01458
644945.00000,-2.22612,-2.95709,-2.03916
644949.00000,-2.25270,-2.98722,-2.06365
644953.00000,-2.27889,-2.95705,-2.08802
644957.00000,-2.30468,-2.97496,-2.11226
644961.00000,-2.33008,-3.00094,-2.13634
644965.00000,-2.35506,-2.92709,-2.16024
644969.00000,-2.37964,-2.97306,-2.18394
644973.00000,-2.40380,-2.89260,-2.20743
644977.00000,-2.42753,-2.97084,-2.23071
644981.00000,-2.45085,-3.00167,-2.25374
644985.00000,-2.47373,-2.95919,-2.27651
644989.00000,-2.49618,-2.98068,-2.29902
644993.00000,-2.51819,-2.96220,-2.32128
644997.00000,-2.53975,-2.99558,-2.34329
645001.00000,-2.56087,-2.80555,-2.36505
645005.00000,-2.58154,-2.84526,-2.38652
645009.00000,-2.60175,-2.82179,-2.40772
645013.00000,-2.62150,-2.79665,-2.42863
645017.00000,-2.64079,-2.91473,-2.44925
645021.00000,-2.65961,-2.83193,-2.46958
645025.00000,-2.67796,-2.71413,-2.48959
645029.00000,-2.69584,-2.78821,-2.50930
645033.00000,-2.71323,-2.82608,-2.52870
645037.00000,-2.73015,-2.78705,-2.54775
645041.00000,-2.74657,-2.73022,-2.56644
645045.00000,-2.76251,-2.77413,-2.58471
645049.00000,-2.77796,-2.74548,-2.60255
645053.00000,-2.79291,-2.72523,-2.61996
645057.00000,-2.80736,-2.75213,-2.63693
645061.00000,-2.82131,-2.74285,-2.65346
645065.00000,-2.83476,-2.69545,-2.66952
645069.00000,-2.84769,-2.75713,-2.68511
645073.00000,-2.86012,-2.59620,-2.70023
645077.00000,-2.87204,-2.69232,-2.71486
645081.00000,-2.88343,-2.74154,-2.72900
645085.00000,-2.89431,-2.64953,-2.74262
645089.00000,-2.90467,-2.61293,-2.75574
645093.00000,-2.91451,-2.58476,-2.76836
645097.00000,-2.92382,-2.65378,-2.78051
645101.00000,-2.93260,-2.44484,-2.79216
645105.00000,-2.94085,-2.45640,-2.80329
645109.00000,-2.94858,-2.46170,-2.81387
645113.00000,-2.95576,-2.42236,-2.82394
645117.00000,-2.96242,-2.50822,-2.83347
645121.00000,-2.96853,-2.42426,-2.84246
645125.00000,-2.97411,-2.32631,-2.85088
645129.00000,-2.97915,-2.33766,-2.85872
645133.00000,-2.98364,-2.38107,-2.86600
645137.00000,-2.98760,-2.33889,-2.87269
645141.00000,-2.99100,-2.28517,-2.87879
645145.00000,-2.99387,-2.31877,-2.88427
645149.00000,-2.99619,-2.25964,-2.88914
645153.00000,-2.99796,-2.22877,-2.89341
645157.00000,-2.99918,-2.26035,-2.89710
645161.00000,-2.99985,-2.23692,-2.90020
645165.00000,-2.99998,-2.22605,-2.90269
645169.00000,-2.99956,-2.23013,-2.90458
645173.00000,-2.99858,-2.11538,-2.90588
645177.00000,-2.99706,-2.16745,-2.90660
645181.00000,-2.99498,-2.15858,-2.90674
645185.00000,-2.99235,-2.11602,-2.90627
645189.00000,-2.98918,-2.10659,-2.90523
645193.00000,-2.98545,-2.06105,-2.90362
645197.00000,-2.98117,-2.07048,-2.90147
645201.00000,-2.97634,-1.87695,-2.89876
645205.00000,-2.97097,-1.84491,-2.89548
645209.00000,-2.96504,-1.84219,-2.89162
645213.00000,-2.95856,-1.80857,-2.88720
645217.00000,-2.95154,-1.80175,-2.88222
645221.00000,-2.94397,-1.72795,-2.87666
645225.00000,-2.93585,-1.71949,-2.87054
645229.00000,-2.92719,-1.68819,-2.86385
645233.00000,-2.91799,-1.68123,-2.85663
645237.00000,-2.90824,-1.62957,-2.84887
645241.00000,-2.89795,-1.58223,-2.84055
645245.00000,-2.88712,-1.60913,-2.83166
645249.00000,-2.87575,-1.55654,-2.82218
645253.00000,-2.86384,-1.51797,-2.81212
645257.00000,-2.85140,-1.53598,-2.80147
645261.00000,-2.83843,-1.46694,-2.79026
645265.00000,-2.82492,-1.47936,-2.77848
645269.00000,-2.81089,-1.42511,-2.76616
645273.00000,-2.79632,-1.36834,-2.75331
645277.00000,-2.78124,-1.36415,-2.73994
645281.00000,-2.76563,-1.32631,-2.72602
645285.00000,-2.74950,-1.33076,-2.71157
645289.00000,-2.73285,-1.32459,-2.69658
645293.00000,-2.71569,-1.26497,-2.68109
645297.00000,-2.69802,-1.21222,-2.66513
645301.00000,-2.67983,-0.99447,-2.64871
645305.00000,-2.66114,-0.96316,-2.63183
645309.00000,-2.64195,-0.91808,-2.61448
645313.00000,-2.62226,-0.90827,-2.59664
645317.00000,-2.60207,-0.85156,-2.57831
645321.00000,-2.58138,-0.81901,-2.55946
645325.00000,-2.56021,-0.80910,-2.54012
645329.00000,-2.53855,-0.77139,-2.52028
645333.00000,-2.51640,-0.72237,-2.49998
645337.00000,-2.49378,-0.70623,-2.47922
645341.00000,-2.47068,-0.60219,-2.45798
645345.00000,-2.44711,-0.64751,-2.43625
645349.00000,-2.42308,-0.57372,-2.41399
645353.00000,-2.39858,-0.56136,-2.39118
645357.00000,-2.37362,-0.50258,-2.36784
645361.00000,-2.34821,-0.45324,-2.34398
645365.00000,-2.32234,-0.42566,-2.31963
645369.00000,-2.29603,-0.37198,-2.29484
645373.00000,-2.26928,-0.35006,-2.26960
645377.00000,-2.24209,-0.30798,-2.24392
645381.00000,-2.21447,-0.24689,-2.21779
645385.00000,-2.18643,-0.24067,-2.19120
645389.00000,-2.15796,-0.22044,-2.16416
645393.00000,-2.12907,-0.16193,-2.13668
645397.00000,-2.09978,-0.12493,-2.10879
645401.00000,-2.07007,-0.06441,-2.08050
645405.00000,-2.03997,-0.04696,-2.05181
645409.00000,-2.00946,-0.00058,-2.02271
645413.00000,-1.97857,0.01420,-1.99317
645417.00000,-1.94730,0.06841,-1.96317
645421.00000,-1.91564,0.07815,-1.93269
645425.00000,-1.88361,0.14056,-1.90176
645429.00000,-1.85121,0.20546,-1.87038
645433.00000,-1.81845,0.23909,-1.83856
645437.00000,-1.78533,0.24844,-1.80633
645441.00000,-1.75187,0.30844,-1.77370
645445.00000,-1.71806,0.36406,-1.74070
645449.00000,-1.68391,0.38218,-1.70733
645453.00000,-1.64943,0.42616,-1.67362
645457.00000,-1.61462,0.46945,-1.63957
645461.00000,-1.57950,0.52472,-1.60519
645465.00000,-1.54406,0.52738,-1.57051
645469.00000,-1.50832,0.60246,-1.53553
645473.00000,-1.47228,0.62740,-1.50026
645477.00000,-1.43594,0.66635,-1.46469
645481.00000,-1.39932,0.66426,-1.42883
645485.00000,-1.36242,0.74216,-1.39269
645489.00000,-1.32525,0.76157,-1.35628
645493.00000,-1.28781,0.80367,-1.31962
645497.00000,-1.25012,0.86532,-1.28271
645501.00000,-1.21217,1.02008,-1.24556
645505.00000,-1.17398,1.05391,-1.20820
645509.00000,-1.13555,1.16945,-1.17064
645513.00000,-1.09689,1.12411,-1.13287
645517.00000,-1.05801,1.24572,-1.09489
645521.00000,-1.01891,1.17056,-1.05671
645525.00000,-0.97960,1.25277,-1.01833
645529.00000,-0.94010,1.30310,-0.97978
645533.00000,-0.90040,1.31507,-0.94104
645537.00000,-0.86051,1.39532,-0.90214
645541.00000,-0.82045,1.39312,-0.86307
645545.00000,-0.78022,1.47614,-0.82382
645549.00000,-0.73982,1.46796,-0.78436
645553.00000,-0.69927,1.56435,-0.74468
645557.00000,-0.65857,1.58597,-0.70477
645561.00000,-0.61774,1.62296,-0.66462
645565.00000,-0.57677,1.64952,-0.62426
645569.00000,-0.53567,1.67534,-0.58372
645573.00000,-0.49446,1.76078,-0.54302
645577.00000,-0.45315,1.76333,-0.50216
645581.00000,-0.41173,1.81150,-0.46114
645585.00000,-0.37022,1.92055,-0.41996
645589.00000,-0.32862,1.82763,-0.37861
645593.00000,-0.28695,1.95026,-0.33710
645597.00000,-0.24522,1.98651,-0.29543
645601.00000,-0.20342,1.82319,-0.25365
645605.00000,-0.16157,1.87243,-0.21176
645609.00000,-0.11968,1.82612,-0.16977
645613.00000,-0.07775,1.93577,-0.12766
645617.00000,-0.03579,1.88174,-0.08542
645621.00000,0.00618,1.99221,-0.04302
645625.00000,0.04817,1.95569,-0.00044
645629.00000,0.09016,2.02380,0.04229
645633.00000,0.13214,1.96565,0.08517
645637.00000,0.17411,2.07079,0.12815
645641.00000,0.21605,2.07378,0.17121
645645.00000,0.25797,2.06895,0.21430
645649.00000,0.29985,2.11681,0.25734
645653.00000,0.34168,2.14611,0.30031
645657.00000,0.38345,2.16022,0.34317
645661.00000,0.42517,2.18884,0.38592
645665.00000,0.46681,2.18692,0.42854
645669.00000,0.50837,2.19885,0.47101
645673.00000,0.54984,2.21207,0.51334
645677.00000,0.59121,2.20229,0.55552
645681.00000,0.63248,2.22449,0.59755
645685.00000,0.67364,2.21465,0.63938
645689.00000,0.71468,2.23624,0.68099
645693.00000,0.75558,2.20448,0.72239
645697.00000,0.79635,2.23046,0.76358
645701.00000,0.83697,2.50404,0.80457
645705.00000,0.87744,2.54206,0.84533
645709.00000,0.91775,2.52049,0.88584
645713.00000,0.95788,2.57472,0.92605
645717.00000,0.99784,2.54431,0.96592
645721.00000,1.03761,2.60274,1.00540
645725.00000,1.07718,2.63143,1.04444
645729.00000,1.11656,2.65023,1.08301
645733.00000,1.15572,2.63562,1.12111
645737.00000,1.19466,2.62778,1.15875
645741.00000,1.23337,2.70908,1.19595
645745.00000,1.27186,2.67727,1.23277
645749.00000,1.31009,2.72873,1.26925
645753.00000,1.34808,2.75025,1.30541
645757.00000,1.38581,2.69777,1.34127
645761.00000,1.42328,2.75249,1.37682
645765.00000,1.46046,2.77747,1.41204
645769.00000,1.49737,2.73848,1.44692
645773.00000,1.53399,2.75724,1.48145
645777.00000,1.57032,2.72890,1.51561
645781.00000,1.60633,2.75616,1.54942
645785.00000,1.64204,2.72875,1.58290
645789.00000,1.67743,2.74137,1.61605
645793.00000,1.71249,2.76726,1.64882
645797.00000,1.74722,2.76721,1.68120
645801.00000,1.78160,2.87625,1.71317
645805.00000,1.81564,2.90929,1.74475
645809.00000,1.84933,2.87086,1.77595
645813.00000,1.88265,2.89434,1.80678
645817.00000,1.91560,2.88405,1.83727
645821.00000,1.94817,2.91449,1.86743
645825.00000,1.98036,2.93774,1.89729
645829.00000,2.01216,2.96215,1.92682
645833.00000,2.04357,2.95747,1.95601
645837.00000,2.07457,2.92844,1.98484
645841.00000,2.10516,2.98396,2.01332
645845.00000,2.13533,2.95509,2.04147
645849.00000,2.16508,2.98624,2.06929
645853.00000,2.19440,3.02334,2.09678
645857.00000,2.22329,2.94338,2.12391
645861.00000,2.25173,3.00690,2.15068
645865.00000,2.27972,3.00933,2.17709
645869.00000,2.30726,2.95957,2.20314
645873.00000,2.33434,2.98878,2.22881
645877.00000,2.36095,2.94758,2.25410
645881.00000,2.38710,2.98674,2.27903
645885.00000,2.41276,2.96865,2.30358
645889.00000,2.43794,2.96110,2.32774
645893.00000,2.46263,2.97296,2.35150
645897.00000,2.48683,2.98815,2.37481
645901.00000,2.51052,2.65254,2.39770
645905.00000,2.53371,2.63834,2.42017
645909.00000,2.55640,2.62666,2.44223
645913.00000,2.57856,2.63273,2.46391
645917.00000,2.60021,2.59175,2.48518
645921.00000,2.62133,2.60324,2.50607
645925.00000,2.64192,2.60512,2.52657
645929.00000,2.66198,2.59303,2.54669
645933.00000,2.68149,2.57456,2.56640
645937.00000,2.70047,2.52730,2.58571
645941.00000,2.71890,2.56953,2.60458
645945.00000,2.73677,2.57947,2.62297
645949.00000,2.75409,2.49588,2.64081
645953.00000,2.77085,2.52374,2.65804
645957.00000,2.78704,2.50852,2.67464
645961.00000,2.80266,2.50226,2.69059
645965.00000,2.81772,2.49589,2.70592
645969.00000,2.83220,2.48593,2.72066
645973.00000,2.84610,2.45149,2.73485
645977.00000,2.85941,2.45092,2.74847
645981.00000,2.87215,2.44955,2.76149
645985.00000,2.88429,2.45935,2.77387
645989.00000,2.89584,2.39660,2.78555
645993.00000,2.90680,2.39058,2.79653
645997.00000,2.91716,2.39092,2.80680
646001.00000,2.92693,2.12511,2.81637
646005.00000,2.93608,2.09870,2.82524
646009.00000,2.94464,2.11267,2.83340
646013.00000,2.95259,2.08909,2.84083
646017.00000,2.95993,2.05740,2.84750
646021.00000,2.96665,2.01734,2.85340
646025.00000,2.97277,1.99731,2.85853
646029.00000,2.97827,1.96324,2.86291
646033.00000,2.98315,1.93450,2.86656
646037.00000,2.98742,1.89197,2.86949
646041.00000,2.99106,1.91173,2.87171
646045.00000,2.99409,1.88378,2.87320
646049.00000,2.99649,1.79872,2.87392
646053.00000,2.99827,1.78726,2.87384
646057.00000,2.99943,1.78654,2.87298
646061.00000,2.99996,1.75376,2.87135
646065.00000,2.99987,1.75170,2.86897
646069.00000,2.99915,1.73509,2.86587
646073.00000,2.99781,1.68257,2.86207
646077.00000,2.99583,1.66059,2.85758
646081.00000,2.99324,1.65907,2.85237
646085.00000,2.99001,1.66937,2.84642
646089.00000,2.98616,1.63677,2.83973
646093.00000,2.98169,1.60129,2.83232
646097.00000,2.97659,1.58151,2.82421
646101.00000,2.97086,1.42712,2.81541
646105.00000,2.96451,1.40582,2.80591
646109.00000,2.95754,1.37443,2.79572
646113.00000,2.94994,1.37900,2.78482
646117.00000,2.94172,1.31551,2.77321
646121.00000,2.93289,1.26053,2.76090
646125.00000,2.92343,1.18138,2.74790
646129.00000,2.91336,1.13931,2.73424
646133.00000,2.90267,1.10573,2.71995
646137.00000,2.89136,1.11275,2.70502
646141.00000,2.87945,1.09161,2.68948
646145.00000,2.86692,1.01746,2.67331
646149.00000,2.85379,0.98206,2.65650
646153.00000,2.84005,0.91881,2.63905
646157.00000,2.82570,0.93055,2.62098
646161.00000,2.81076,0.86650,2.60229
646165.00000,2.79522,0.82083,2.58300
646169.00000,2.77908,0.82149,2.56311
646173.00000,2.76235,0.75049,2.54264
646177.00000,2.74503,0.72154,2.52159
646181.00000,2.72712,0.69159,2.49998
646185.00000,2.70863,0.68463,2.47781
646189.00000,2.68957,0.64251,2.45511
646193.00000,2.66992,0.60171,2.43190
646197.00000,2.64970,0.54922,2.40819
